t,i,num_sampled,num_new_elements,total_sample_size
1,1,87,87,87
1,2,80,79,166
1,3,86,82,248
1,4,85,81,329
1,5,87,83,412
1,6,85,80,492
1,7,89,85,577
1,8,89,84,661
1,9,84,81,742
1,10,86,79,821
1,11,87,73,894
1,12,95,88,982
1,13,91,83,1065
1,14,84,78,1143
1,15,92,84,1227
1,16,90,79,1306
1,17,87,76,1382
1,18,93,87,1469
1,19,94,85,1554
1,20,91,79,1633
1,21,91,78,1711
1,22,90,78,1789
1,23,91,80,1869
1,24,90,76,1945
1,25,91,77,2022
1,26,86,77,2099
1,27,93,85,2184
1,28,92,78,2262
1,29,94,75,2337
1,30,89,76,2413
1,31,90,80,2493
1,32,92,77,2570
1,33,94,85,2655
1,34,95,81,2736
1,35,94,82,2818
1,36,91,80,2898
1,37,92,76,2974
1,38,94,79,3053
1,39,90,76,3129
1,40,94,77,3206
1,41,88,75,3281
1,42,92,77,3358
1,43,87,74,3432
1,44,95,79,3511
1,45,92,79,3590
1,46,93,80,3670
1,47,94,72,3742
1,48,92,68,3810
1,49,93,78,3888
1,50,95,75,3963
2,1,85,85,85
2,2,81,79,164
2,3,91,87,251
2,4,84,78,329
2,5,85,76,405
2,6,87,83,488
2,7,85,80,568
2,8,91,90,658
2,9,91,82,740
2,10,85,77,817
2,11,84,74,891
2,12,92,88,979
2,13,82,79,1058
2,14,88,74,1132
2,15,80,67,1199
2,16,93,84,1283
2,17,89,78,1361
2,18,88,79,1440
2,19,86,74,1514
2,20,87,74,1588
2,21,84,75,1663
2,22,87,72,1735
2,23,91,79,1814
2,24,89,77,1891
2,25,87,75,1966
2,26,83,68,2034
2,27,87,77,2111
2,28,93,82,2193
2,29,90,69,2262
2,30,88,71,2333
2,31,81,65,2398
2,32,92,72,2470
2,33,92,76,2546
2,34,92,73,2619
2,35,81,68,2687
2,36,92,75,2762
2,37,87,76,2838
2,38,94,78,2916
2,39,92,81,2997
2,40,84,70,3067
2,41,90,75,3142
2,42,92,74,3216
2,43,85,69,3285
2,44,91,74,3359
2,45,86,71,3430
2,46,91,75,3505
2,47,89,73,3578
2,48,86,71,3649
2,49,92,78,3727
2,50,95,77,3804
3,1,76,76,76
3,2,73,70,146
3,3,82,77,223
3,4,80,78,301
3,5,83,77,378
3,6,80,74,452
3,7,77,69,521
3,8,80,75,596
3,9,83,78,674
3,10,91,80,754
3,11,86,82,836
3,12,82,75,911
3,13,76,71,982
3,14,82,71,1053
3,15,77,65,1118
3,16,84,78,1196
3,17,92,80,1276
3,18,80,70,1346
3,19,87,78,1424
3,20,85,67,1491
3,21,86,73,1564
3,22,87,73,1637
3,23,85,77,1714
3,24,84,73,1787
3,25,87,72,1859
3,26,85,71,1930
3,27,84,77,2007
3,28,89,74,2081
3,29,89,70,2151
3,30,86,68,2219
3,31,82,63,2282
3,32,86,74,2356
3,33,86,66,2422
3,34,85,69,2491
3,35,88,75,2566
3,36,89,75,2641
3,37,92,76,2717
3,38,89,74,2791
3,39,88,65,2856
3,40,92,75,2931
3,41,88,75,3006
3,42,92,76,3082
3,43,88,66,3148
3,44,87,72,3220
3,45,81,65,3285
3,46,90,70,3355
3,47,90,73,3428
3,48,86,64,3492
3,49,89,69,3561
3,50,80,63,3624
4,1,79,79,79
4,2,86,84,163
4,3,82,80,243
4,4,82,77,320
4,5,79,77,397
4,6,79,70,467
4,7,88,85,552
4,8,76,72,624
4,9,84,77,701
4,10,80,73,774
4,11,79,75,849
4,12,80,76,925
4,13,86,77,1002
4,14,80,69,1071
4,15,92,80,1151
4,16,86,75,1226
4,17,87,73,1299
4,18,87,76,1375
4,19,84,67,1442
4,20,89,69,1511
4,21,88,79,1590
4,22,88,80,1670
4,23,84,73,1743
4,24,90,77,1820
4,25,91,80,1900
4,26,80,65,1965
4,27,84,67,2032
4,28,86,75,2107
4,29,83,72,2179
4,30,88,72,2251
4,31,88,72,2323
4,32,88,72,2395
4,33,88,73,2468
4,34,91,78,2546
4,35,88,71,2617
4,36,89,76,2693
4,37,86,74,2767
4,38,86,71,2838
4,39,86,67,2905
4,40,89,81,2986
4,41,92,75,3061
4,42,90,79,3140
4,43,86,68,3208
4,44,84,62,3270
4,45,86,68,3338
4,46,86,68,3406
4,47,85,72,3478
4,48,94,74,3552
4,49,93,78,3630
4,50,86,74,3704
5,1,83,83,83
5,2,75,73,156
5,3,81,79,235
5,4,72,66,301
5,5,86,80,381
5,6,79,75,456
5,7,77,66,522
5,8,78,69,591
5,9,83,76,667
5,10,87,81,748
5,11,85,77,825
5,12,85,75,900
5,13,84,77,977
5,14,85,76,1053
5,15,91,72,1125
5,16,76,66,1191
5,17,88,78,1269
5,18,86,70,1339
5,19,85,71,1410
5,20,88,76,1486
5,21,88,76,1562
5,22,88,74,1636
5,23,82,68,1704
5,24,88,76,1780
5,25,90,69,1849
5,26,85,70,1919
5,27,87,76,1995
5,28,91,75,2070
5,29,87,67,2137
5,30,83,76,2213
5,31,84,75,2288
5,32,85,69,2357
5,33,81,68,2425
5,34,79,66,2491
5,35,91,80,2571
5,36,91,71,2642
5,37,79,68,2710
5,38,84,69,2779
5,39,88,72,2851
5,40,85,70,2921
5,41,94,79,3000
5,42,93,77,3077
5,43,81,70,3147
5,44,89,71,3218
5,45,86,68,3286
5,46,91,74,3360
5,47,88,75,3435
5,48,86,71,3506
5,49,96,81,3587
5,50,86,70,3657
6,1,80,80,80
6,2,76,73,153
6,3,81,78,231
6,4,84,79,310
6,5,83,79,389
6,6,87,83,472
6,7,84,80,552
6,8,81,75,627
6,9,84,79,706
6,10,85,78,784
6,11,82,78,862
6,12,83,72,934
6,13,78,67,1001
6,14,79,70,1071
6,15,83,71,1142
6,16,84,77,1219
6,17,80,71,1290
6,18,83,76,1366
6,19,88,79,1445
6,20,85,70,1515
6,21,92,81,1596
6,22,81,65,1661
6,23,96,83,1744
6,24,92,82,1826
6,25,88,78,1904
6,26,90,75,1979
6,27,87,81,2060
6,28,84,71,2131
6,29,85,64,2195
6,30,89,78,2273
6,31,86,72,2345
6,32,81,71,2416
6,33,91,79,2495
6,34,91,73,2568
6,35,92,77,2645
6,36,84,73,2718
6,37,89,71,2789
6,38,90,76,2865
6,39,91,74,2939
6,40,84,73,3012
6,41,92,77,3089
6,42,91,75,3164
6,43,89,76,3240
6,44,90,75,3315
6,45,87,71,3386
6,46,84,74,3460
6,47,85,67,3527
6,48,86,63,3590
6,49,94,79,3669
6,50,93,73,3742
7,1,70,70,70
7,2,79,78,148
7,3,70,65,213
7,4,86,82,295
7,5,79,73,368
7,6,81,77,445
7,7,83,76,521
7,8,80,73,594
7,9,79,71,665
7,10,90,81,746
7,11,82,79,825
7,12,82,74,899
7,13,81,72,971
7,14,85,76,1047
7,15,86,76,1123
7,16,83,73,1196
7,17,77,66,1262
7,18,89,80,1342
7,19,86,73,1415
7,20,89,76,1491
7,21,82,68,1559
7,22,85,68,1627
7,23,83,75,1702
7,24,86,73,1775
7,25,90,75,1850
7,26,93,82,1932
7,27,86,67,1999
7,28,85,72,2071
7,29,90,76,2147
7,30,86,68,2215
7,31,90,81,2296
7,32,83,67,2363
7,33,94,78,2441
7,34,89,74,2515
7,35,86,72,2587
7,36,88,74,2661
7,37,88,78,2739
7,38,92,76,2815
7,39,88,71,2886
7,40,89,65,2951
7,41,90,67,3018
7,42,86,67,3085
7,43,91,81,3166
7,44,87,65,3231
7,45,84,71,3302
7,46,93,78,3380
7,47,88,72,3452
7,48,95,74,3526
7,49,84,72,3598
7,50,91,75,3673
8,1,79,79,79
8,2,74,72,151
8,3,81,78,229
8,4,79,77,306
8,5,82,77,383
8,6,79,77,460
8,7,87,79,539
8,8,73,70,609
8,9,74,68,677
8,10,86,81,758
8,11,81,76,834
8,12,86,76,910
8,13,85,76,986
8,14,88,79,1065
8,15,79,71,1136
8,16,79,73,1209
8,17,88,77,1286
8,18,88,78,1364
8,19,79,60,1424
8,20,91,81,1505
8,21,85,71,1576
8,22,88,81,1657
8,23,86,73,1730
8,24,86,77,1807
8,25,92,78,1885
8,26,83,69,1954
8,27,91,79,2033
8,28,90,77,2110
8,29,89,78,2188
8,30,88,76,2264
8,31,88,72,2336
8,32,85,77,2413
8,33,83,74,2487
8,34,87,77,2564
8,35,87,77,2641
8,36,87,77,2718
8,37,90,69,2787
8,38,85,72,2859
8,39,92,81,2940
8,40,87,69,3009
8,41,88,74,3083
8,42,88,74,3157
8,43,92,72,3229
8,44,90,68,3297
8,45,92,80,3377
8,46,89,74,3451
8,47,91,71,3522
8,48,93,70,3592
8,49,88,73,3665
8,50,86,71,3736
9,1,83,83,83
9,2,76,75,158
9,3,77,75,233
9,4,78,72,305
9,5,81,78,383
9,6,82,75,458
9,7,86,82,540
9,8,81,72,612
9,9,82,78,690
9,10,74,69,759
9,11,84,71,830
9,12,82,73,903
9,13,86,77,980
9,14,86,77,1057
9,15,82,75,1132
9,16,88,77,1209
9,17,91,82,1291
9,18,84,68,1359
9,19,85,74,1433
9,20,84,76,1509
9,21,83,69,1578
9,22,88,81,1659
9,23,91,78,1737
9,24,87,76,1813
9,25,83,76,1889
9,26,84,74,1963
9,27,87,74,2037
9,28,92,75,2112
9,29,89,82,2194
9,30,85,66,2260
9,31,89,75,2335
9,32,88,81,2416
9,33,91,68,2484
9,34,81,69,2553
9,35,86,73,2626
9,36,93,80,2706
9,37,87,68,2774
9,38,89,71,2845
9,39,86,64,2909
9,40,84,72,2981
9,41,93,80,3061
9,42,81,70,3131
9,43,95,83,3214
9,44,87,76,3290
9,45,87,70,3360
9,46,88,71,3431
9,47,89,70,3501
9,48,87,74,3575
9,49,86,72,3647
9,50,83,72,3719
10,1,69,69,69
10,2,79,78,147
10,3,65,62,209
10,4,73,72,281
10,5,76,73,354
10,6,77,75,429
10,7,72,69,498
10,8,74,71,569
10,9,82,77,646
10,10,73,63,709
10,11,78,66,775
10,12,80,76,851
10,13,79,72,923
10,14,82,72,995
10,15,80,72,1067
10,16,77,66,1133
10,17,83,71,1204
10,18,84,69,1273
10,19,82,72,1345
10,20,86,75,1420
10,21,89,77,1497
10,22,85,76,1573
10,23,79,70,1643
10,24,83,75,1718
10,25,83,69,1787
10,26,79,69,1856
10,27,84,70,1926
10,28,90,76,2002
10,29,87,79,2081
10,30,78,69,2150
10,31,90,80,2230
10,32,90,80,2310
10,33,81,71,2381
10,34,83,65,2446
10,35,84,69,2515
10,36,88,70,2585
10,37,84,69,2654
10,38,88,73,2727
10,39,86,70,2797
10,40,83,62,2859
10,41,85,66,2925
10,42,87,70,2995
10,43,91,77,3072
10,44,88,73,3145
10,45,91,75,3220
10,46,85,67,3287
10,47,92,75,3362
10,48,89,68,3430
10,49,89,78,3508
10,50,92,79,3587
11,1,73,73,73
11,2,80,79,152
11,3,73,71,223
11,4,72,68,291
11,5,74,68,359
11,6,79,75,434
11,7,76,71,505
11,8,74,69,574
11,9,78,71,645
11,10,75,65,710
11,11,77,70,780
11,12,84,75,855
11,13,78,66,921
11,14,82,77,998
11,15,80,72,1070
11,16,78,66,1136
11,17,84,73,1209
11,18,84,76,1285
11,19,83,75,1360
11,20,78,68,1428
11,21,81,70,1498
11,22,85,74,1572
11,23,88,82,1654
11,24,81,73,1727
11,25,85,73,1800
11,26,84,68,1868
11,27,89,77,1945
11,28,82,65,2010
11,29,84,69,2079
11,30,87,70,2149
11,31,85,70,2219
11,32,85,70,2289
11,33,84,68,2357
11,34,88,71,2428
11,35,89,74,2502
11,36,86,67,2569
11,37,89,71,2640
11,38,85,75,2715
11,39,91,73,2788
11,40,85,64,2852
11,41,90,75,2927
11,42,89,69,2996
11,43,89,72,3068
11,44,87,65,3133
11,45,83,66,3199
11,46,90,70,3269
11,47,89,71,3340
11,48,90,69,3409
11,49,84,67,3476
11,50,88,75,3551
12,1,66,66,66
12,2,74,71,137
12,3,76,73,210
12,4,71,70,280
12,5,78,74,354
12,6,76,67,421
12,7,73,67,488
12,8,78,71,559
12,9,79,74,633
12,10,72,65,698
12,11,79,71,769
12,12,79,72,841
12,13,83,78,919
12,14,87,72,991
12,15,87,76,1067
12,16,77,69,1136
12,17,82,75,1211
12,18,80,68,1279
12,19,82,77,1356
12,20,82,64,1420
12,21,83,65,1485
12,22,79,69,1554
12,23,81,64,1618
12,24,83,74,1692
12,25,89,74,1766
12,26,90,75,1841
12,27,89,78,1919
12,28,82,67,1986
12,29,78,68,2054
12,30,83,65,2119
12,31,84,72,2191
12,32,81,70,2261
12,33,83,69,2330
12,34,86,71,2401
12,35,87,75,2476
12,36,78,65,2541
12,37,86,72,2613
12,38,89,71,2684
12,39,85,69,2753
12,40,83,70,2823
12,41,82,65,2888
12,42,88,73,2961
12,43,88,67,3028
12,44,85,68,3096
12,45,86,71,3167
12,46,85,67,3234
12,47,85,68,3302
12,48,86,69,3371
12,49,88,67,3438
12,50,89,79,3517
13,1,69,69,69
13,2,69,68,137
13,3,71,69,206
13,4,69,65,271
13,5,73,71,342
13,6,75,72,414
13,7,73,66,480
13,8,77,70,550
13,9,82,73,623
13,10,81,73,696
13,11,73,60,756
13,12,79,71,827
13,13,80,67,894
13,14,81,69,963
13,15,86,78,1041
13,16,77,69,1110
13,17,72,62,1172
13,18,74,64,1236
13,19,83,69,1305
13,20,80,73,1378
13,21,76,63,1441
13,22,80,69,1510
13,23,80,71,1581
13,24,81,75,1656
13,25,85,66,1722
13,26,87,74,1796
13,27,80,69,1865
13,28,88,74,1939
13,29,88,78,2017
13,30,85,72,2089
13,31,91,74,2163
13,32,84,75,2238
13,33,81,67,2305
13,34,84,72,2377
13,35,81,70,2447
13,36,91,75,2522
13,37,88,70,2592
13,38,84,73,2665
13,39,80,62,2727
13,40,81,70,2797
13,41,90,71,2868
13,42,92,77,2945
13,43,87,73,3018
13,44,88,73,3091
13,45,83,63,3154
13,46,89,77,3231
13,47,84,67,3298
13,48,85,72,3370
13,49,90,77,3447
13,50,86,70,3517
14,1,62,62,62
14,2,67,65,127
14,3,73,72,199
14,4,72,70,269
14,5,64,59,328
14,6,67,61,389
14,7,77,74,463
14,8,68,60,523
14,9,75,67,590
14,10,70,61,651
14,11,72,62,713
14,12,78,71,784
14,13,75,67,851
14,14,74,68,919
14,15,84,71,990
14,16,79,72,1062
14,17,77,65,1127
14,18,74,65,1192
14,19,80,66,1258
14,20,78,70,1328
14,21,77,68,1396
14,22,77,69,1465
14,23,78,70,1535
14,24,80,63,1598
14,25,76,69,1667
14,26,74,62,1729
14,27,78,62,1791
14,28,78,65,1856
14,29,84,71,1927
14,30,78,59,1986
14,31,89,76,2062
14,32,82,66,2128
14,33,87,69,2197
14,34,78,62,2259
14,35,87,73,2332
14,36,76,61,2393
14,37,85,71,2464
14,38,80,69,2533
14,39,88,64,2597
14,40,82,67,2664
14,41,85,67,2731
14,42,83,68,2799
14,43,80,63,2862
14,44,85,67,2929
14,45,83,73,3002
14,46,87,68,3070
14,47,83,69,3139
14,48,76,68,3207
14,49,79,60,3267
14,50,82,63,3330
15,1,66,66,66
15,2,60,58,124
15,3,62,60,184
15,4,67,65,249
15,5,62,56,305
15,6,71,63,368
15,7,69,67,435
15,8,69,65,500
15,9,79,76,576
15,10,77,71,647
15,11,72,64,711
15,12,72,66,777
15,13,83,71,848
15,14,74,65,913
15,15,74,61,974
15,16,72,64,1038
15,17,81,65,1103
15,18,85,79,1182
15,19,83,70,1252
15,20,80,63,1315
15,21,87,70,1385
15,22,75,60,1445
15,23,69,59,1504
15,24,77,67,1571
15,25,76,65,1636
15,26,74,61,1697
15,27,83,72,1769
15,28,77,63,1832
15,29,79,65,1897
15,30,77,62,1959
15,31,83,64,2023
15,32,88,76,2099
15,33,86,69,2168
15,34,76,57,2225
15,35,84,70,2295
15,36,80,60,2355
15,37,86,69,2424
15,38,83,68,2492
15,39,87,73,2565
15,40,84,72,2637
15,41,88,73,2710
15,42,81,65,2775
15,43,83,68,2843
15,44,89,70,2913
15,45,82,67,2980
15,46,88,70,3050
15,47,86,69,3119
15,48,85,61,3180
15,49,89,73,3253
15,50,81,61,3314
16,1,78,78,78
16,2,74,71,149
16,3,79,74,223
16,4,85,83,306
16,5,76,69,375
16,6,80,76,451
16,7,80,77,528
16,8,80,72,600
16,9,81,75,675
16,10,81,75,750
16,11,81,72,822
16,12,85,75,897
16,13,84,74,971
16,14,92,83,1054
16,15,84,70,1124
16,16,85,74,1198
16,17,85,75,1273
16,18,89,77,1350
16,19,86,72,1422
16,20,86,76,1498
16,21,86,72,1570
16,22,86,73,1643
16,23,83,68,1711
16,24,88,75,1786
16,25,89,77,1863
16,26,91,79,1942
16,27,87,69,2011
16,28,86,78,2089
16,29,90,79,2168
16,30,93,77,2245
16,31,90,81,2326
16,32,85,65,2391
16,33,91,76,2467
16,34,86,73,2540
16,35,89,72,2612
16,36,91,78,2690
16,37,86,70,2760
16,38,86,71,2831
16,39,79,69,2900
16,40,94,81,2981
16,41,91,76,3057
16,42,96,82,3139
16,43,88,70,3209
16,44,87,74,3283
16,45,96,77,3360
16,46,86,69,3429
16,47,81,64,3493
16,48,86,69,3562
16,49,90,73,3635
16,50,82,71,3706
17,1,79,79,79
17,2,78,76,155
17,3,80,77,232
17,4,78,75,307
17,5,80,77,384
17,6,85,79,463
17,7,80,75,538
17,8,81,72,610
17,9,79,74,684
17,10,80,78,762
17,11,84,76,838
17,12,79,71,909
17,13,77,65,974
17,14,84,75,1049
17,15,85,73,1122
17,16,77,69,1191
17,17,85,76,1267
17,18,79,70,1337
17,19,85,72,1409
17,20,86,75,1484
17,21,81,67,1551
17,22,87,72,1623
17,23,83,76,1699
17,24,85,76,1775
17,25,83,70,1845
17,26,82,74,1919
17,27,80,69,1988
17,28,87,69,2057
17,29,89,67,2124
17,30,87,75,2199
17,31,85,77,2276
17,32,97,87,2363
17,33,84,72,2435
17,34,87,71,2506
17,35,86,74,2580
17,36,85,69,2649
17,37,85,65,2714
17,38,83,67,2781
17,39,92,75,2856
17,40,94,78,2934
17,41,84,69,3003
17,42,87,70,3073
17,43,91,81,3154
17,44,90,75,3229
17,45,85,67,3296
17,46,80,69,3365
17,47,90,74,3439
17,48,87,69,3508
17,49,81,66,3574
17,50,85,67,3641
18,1,61,61,61
18,2,76,74,135
18,3,68,66,201
18,4,68,65,266
18,5,76,74,340
18,6,71,68,408
18,7,78,70,478
18,8,75,65,543
18,9,70,66,609
18,10,75,72,681
18,11,71,64,745
18,12,72,60,805
18,13,75,64,869
18,14,66,56,925
18,15,79,68,993
18,16,80,67,1060
18,17,69,61,1121
18,18,77,65,1186
18,19,68,56,1242
18,20,72,60,1302
18,21,75,60,1362
18,22,79,64,1426
18,23,81,68,1494
18,24,75,58,1552
18,25,80,66,1618
18,26,84,73,1691
18,27,82,71,1762
18,28,76,66,1828
18,29,85,69,1897
18,30,83,67,1964
18,31,76,66,2030
18,32,87,61,2091
18,33,84,71,2162
18,34,81,69,2231
18,35,84,71,2302
18,36,82,69,2371
18,37,77,60,2431
18,38,80,67,2498
18,39,86,72,2570
18,40,92,72,2642
18,41,91,72,2714
18,42,90,76,2790
18,43,89,73,2863
18,44,91,70,2933
18,45,81,61,2994
18,46,87,68,3062
18,47,76,56,3118
18,48,81,68,3186
18,49,85,66,3252
18,50,79,64,3316
19,1,56,56,56
19,2,60,59,115
19,3,65,63,178
19,4,57,52,230
19,5,64,59,289
19,6,72,67,356
19,7,60,52,408
19,8,71,66,474
19,9,66,57,531
19,10,79,73,604
19,11,71,64,668
19,12,72,63,731
19,13,64,58,789
19,14,82,73,862
19,15,76,65,927
19,16,72,62,989
19,17,72,56,1045
19,18,67,56,1101
19,19,75,62,1163
19,20,73,56,1219
19,21,92,75,1294
19,22,77,62,1356
19,23,72,57,1413
19,24,83,69,1482
19,25,83,70,1552
19,26,71,53,1605
19,27,70,53,1658
19,28,74,52,1710
19,29,84,67,1777
19,30,80,64,1841
19,31,77,61,1902
19,32,73,57,1959
19,33,76,54,2013
19,34,81,67,2080
19,35,69,56,2136
19,36,79,65,2201
19,37,82,69,2270
19,38,82,65,2335
19,39,83,66,2401
19,40,80,64,2465
19,41,85,70,2535
19,42,82,66,2601
19,43,85,66,2667
19,44,82,66,2733
19,45,90,63,2796
19,46,78,57,2853
19,47,84,68,2921
19,48,81,59,2980
19,49,86,69,3049
19,50,81,64,3113
20,1,70,70,70
20,2,74,73,143
20,3,67,65,208
20,4,70,69,277
20,5,74,68,345
20,6,74,71,416
20,7,70,65,481
20,8,76,73,554
20,9,69,63,617
20,10,72,67,684
20,11,84,78,762
20,12,74,62,824
20,13,80,67,891
20,14,75,66,957
20,15,84,77,1034
20,16,80,75,1109
20,17,85,69,1178
20,18,79,66,1244
20,19,88,75,1319
20,20,84,70,1389
20,21,86,74,1463
20,22,87,76,1539
20,23,83,68,1607
20,24,81,68,1675
20,25,90,83,1758
20,26,84,72,1830
20,27,83,69,1899
20,28,86,76,1975
20,29,87,75,2050
20,30,81,71,2121
20,31,81,68,2189
20,32,83,67,2256
20,33,87,69,2325
20,34,84,73,2398
20,35,81,67,2465
20,36,79,58,2523
20,37,80,63,2586
20,38,92,72,2658
20,39,81,65,2723
20,40,87,70,2793
20,41,87,70,2863
20,42,88,72,2935
20,43,89,66,3001
20,44,87,69,3070
20,45,82,66,3136
20,46,80,62,3198
20,47,87,73,3271
20,48,89,72,3343
20,49,82,64,3407
20,50,80,63,3470
21,1,73,73,73
21,2,71,70,143
21,3,68,65,208
21,4,82,78,286
21,5,80,74,360
21,6,70,63,423
21,7,72,65,488
21,8,78,69,557
21,9,75,67,624
21,10,74,64,688
21,11,74,66,754
21,12,80,70,824
21,13,76,69,893
21,14,75,67,960
21,15,83,74,1034
21,16,79,70,1104
21,17,89,79,1183
21,18,83,74,1257
21,19,82,74,1331
21,20,84,72,1403
21,21,75,65,1468
21,22,87,72,1540
21,23,82,72,1612
21,24,79,70,1682
21,25,82,66,1748
21,26,83,73,1821
21,27,83,64,1885
21,28,86,68,1953
21,29,81,66,2019
21,30,81,65,2084
21,31,85,69,2153
21,32,90,78,2231
21,33,84,69,2300
21,34,81,70,2370
21,35,87,62,2432
21,36,85,69,2501
21,37,83,64,2565
21,38,87,74,2639
21,39,89,81,2720
21,40,84,67,2787
21,41,88,76,2863
21,42,86,65,2928
21,43,84,69,2997
21,44,88,71,3068
21,45,87,72,3140
21,46,90,68,3208
21,47,83,68,3276
21,48,80,63,3339
21,49,83,68,3407
21,50,87,72,3479
22,1,57,57,57
22,2,70,69,126
22,3,59,57,183
22,4,79,76,259
22,5,68,64,323
22,6,71,65,388
22,7,66,59,447
22,8,80,74,521
22,9,80,74,595
22,10,75,68,663
22,11,77,73,736
22,12,75,72,808
22,13,76,66,874
22,14,69,62,936
22,15,78,64,1000
22,16,69,61,1061
22,17,76,67,1128
22,18,81,70,1198
22,19,76,68,1266
22,20,80,70,1336
22,21,77,68,1404
22,22,77,62,1466
22,23,79,67,1533
22,24,75,61,1594
22,25,84,70,1664
22,26,82,76,1740
22,27,73,55,1795
22,28,82,70,1865
22,29,81,72,1937
22,30,84,74,2011
22,31,78,67,2078
22,32,85,78,2156
22,33,84,68,2224
22,34,85,70,2294
22,35,82,65,2359
22,36,84,77,2436
22,37,83,64,2500
22,38,88,75,2575
22,39,86,74,2649
22,40,82,62,2711
22,41,89,76,2787
22,42,86,72,2859
22,43,91,74,2933
22,44,87,69,3002
22,45,89,78,3080
22,46,84,72,3152
22,47,86,73,3225
22,48,89,67,3292
22,49,86,77,3369
22,50,83,67,3436
23,1,73,73,73
23,2,71,69,142
23,3,74,69,211
23,4,87,85,296
23,5,80,76,372
23,6,82,77,449
23,7,81,76,525
23,8,84,78,603
23,9,73,68,671
23,10,85,77,748
23,11,79,75,823
23,12,88,79,902
23,13,80,68,970
23,14,86,80,1050
23,15,80,71,1121
23,16,84,75,1196
23,17,85,72,1268
23,18,90,77,1345
23,19,93,81,1426
23,20,82,74,1500
23,21,86,77,1577
23,22,82,70,1647
23,23,91,79,1726
23,24,89,77,1803
23,25,92,80,1883
23,26,86,80,1963
23,27,86,71,2034
23,28,92,72,2106
23,29,86,69,2175
23,30,86,70,2245
23,31,84,71,2316
23,32,87,67,2383
23,33,89,69,2452
23,34,91,79,2531
23,35,88,76,2607
23,36,86,71,2678
23,37,92,76,2754
23,38,86,73,2827
23,39,87,71,2898
23,40,89,73,2971
23,41,85,69,3040
23,42,88,73,3113
23,43,85,69,3182
23,44,88,71,3253
23,45,87,68,3321
23,46,95,68,3389
23,47,85,67,3456
23,48,88,64,3520
23,49,91,74,3594
23,50,92,78,3672
24,1,62,62,62
24,2,59,57,119
24,3,53,50,169
24,4,70,69,238
24,5,67,64,302
24,6,65,62,364
24,7,53,50,414
24,8,70,62,476
24,9,64,59,535
24,10,68,57,592
24,11,76,70,662
24,12,67,58,720
24,13,78,72,792
24,14,77,67,859
24,15,76,68,927
24,16,74,67,994
24,17,73,62,1056
24,18,77,65,1121
24,19,70,66,1187
24,20,68,56,1243
24,21,80,68,1311
24,22,77,68,1379
24,23,77,69,1448
24,24,83,71,1519
24,25,75,61,1580
24,26,81,71,1651
24,27,77,64,1715
24,28,83,66,1781
24,29,76,65,1846
24,30,86,61,1907
24,31,82,63,1970
24,32,75,67,2037
24,33,78,63,2100
24,34,80,66,2166
24,35,80,61,2227
24,36,83,63,2290
24,37,85,66,2356
24,38,78,63,2419
24,39,82,69,2488
24,40,77,63,2551
24,41,80,63,2614
24,42,82,66,2680
24,43,87,66,2746
24,44,86,61,2807
24,45,84,70,2877
24,46,87,74,2951
24,47,80,63,3014
24,48,74,55,3069
24,49,85,72,3141
24,50,75,54,3195
25,1,66,66,66
25,2,80,77,143
25,3,67,64,207
25,4,75,71,278
25,5,73,64,342
25,6,71,68,410
25,7,70,64,474
25,8,85,79,553
25,9,79,75,628
25,10,83,80,708
25,11,77,68,776
25,12,70,60,836
25,13,76,66,902
25,14,70,58,960
25,15,79,72,1032
25,16,74,61,1093
25,17,80,70,1163
25,18,80,71,1234
25,19,86,73,1307
25,20,84,71,1378
25,21,83,72,1450
25,22,79,70,1520
25,23,80,69,1589
25,24,77,65,1654
25,25,82,64,1718
25,26,88,73,1791
25,27,76,62,1853
25,28,82,66,1919
25,29,82,71,1990
25,30,84,73,2063
25,31,84,70,2133
25,32,82,66,2199
25,33,80,65,2264
25,34,82,59,2323
25,35,89,71,2394
25,36,88,74,2468
25,37,84,67,2535
25,38,90,75,2610
25,39,85,67,2677
25,40,86,64,2741
25,41,83,63,2804
25,42,90,74,2878
25,43,90,68,2946
25,44,88,73,3019
25,45,88,70,3089
25,46,87,68,3157
25,47,89,67,3224
25,48,90,76,3300
25,49,87,71,3371
25,50,77,63,3434
26,1,73,73,73
26,2,72,71,144
26,3,70,64,208
26,4,75,72,280
26,5,72,69,349
26,6,72,66,415
26,7,70,64,479
26,8,77,73,552
26,9,79,71,623
26,10,74,67,690
26,11,82,73,763
26,12,76,68,831
26,13,80,72,903
26,14,72,62,965
26,15,82,72,1037
26,16,79,71,1108
26,17,78,68,1176
26,18,83,77,1253
26,19,88,74,1327
26,20,88,78,1405
26,21,79,65,1470
26,22,78,70,1540
26,23,84,70,1610
26,24,81,67,1677
26,25,80,68,1745
26,26,82,72,1817
26,27,83,66,1883
26,28,81,64,1947
26,29,90,73,2020
26,30,82,67,2087
26,31,83,70,2157
26,32,79,67,2224
26,33,83,73,2297
26,34,78,65,2362
26,35,76,62,2424
26,36,86,71,2495
26,37,88,70,2565
26,38,89,74,2639
26,39,83,65,2704
26,40,88,70,2774
26,41,88,68,2842
26,42,87,71,2913
26,43,84,75,2988
26,44,89,65,3053
26,45,89,73,3126
26,46,88,75,3201
26,47,83,63,3264
26,48,79,60,3324
26,49,94,73,3397
26,50,90,70,3467
27,1,67,67,67
27,2,70,68,135
27,3,65,64,199
27,4,70,67,266
27,5,75,69,335
27,6,71,64,399
27,7,73,69,468
27,8,79,73,541
27,9,85,77,618
27,10,80,72,690
27,11,79,72,762
27,12,81,72,834
27,13,83,76,910
27,14,77,71,981
27,15,76,66,1047
27,16,91,74,1121
27,17,73,60,1181
27,18,78,67,1248
27,19,87,78,1326
27,20,76,68,1394
27,21,79,68,1462
27,22,84,74,1536
27,23,87,79,1615
27,24,82,70,1685
27,25,83,74,1759
27,26,80,66,1825
27,27,86,74,1899
27,28,83,67,1966
27,29,81,72,2038
27,30,85,74,2112
27,31,83,72,2184
27,32,78,62,2246
27,33,76,63,2309
27,34,87,77,2386
27,35,86,73,2459
27,36,87,72,2531
27,37,87,72,2603
27,38,87,75,2678
27,39,81,62,2740
27,40,84,65,2805
27,41,82,63,2868
27,42,78,68,2936
27,43,78,65,3001
27,44,85,73,3074
27,45,92,74,3148
27,46,86,69,3217
27,47,88,64,3281
27,48,86,63,3344
27,49,88,72,3416
27,50,90,66,3482
28,1,60,60,60
28,2,65,63,123
28,3,66,64,187
28,4,80,78,265
28,5,70,68,333
28,6,65,60,393
28,7,74,72,465
28,8,69,64,529
28,9,78,70,599
28,10,82,79,678
28,11,72,69,747
28,12,76,70,817
28,13,81,73,890
28,14,80,73,963
28,15,74,71,1034
28,16,79,74,1108
28,17,83,72,1180
28,18,81,73,1253
28,19,81,66,1319
28,20,81,72,1391
28,21,87,73,1464
28,22,77,64,1528
28,23,83,72,1600
28,24,86,71,1671
28,25,82,73,1744
28,26,83,72,1816
28,27,83,67,1883
28,28,86,72,1955
28,29,88,76,2031
28,30,87,72,2103
28,31,83,69,2172
28,32,88,81,2253
28,33,81,70,2323
28,34,83,67,2390
28,35,84,71,2461
28,36,82,65,2526
28,37,87,75,2601
28,38,86,70,2671
28,39,90,79,2750
28,40,87,66,2816
28,41,86,66,2882
28,42,83,63,2945
28,43,83,66,3011
28,44,88,77,3088
28,45,89,71,3159
28,46,91,81,3240
28,47,85,70,3310
28,48,86,70,3380
28,49,84,68,3448
28,50,87,71,3519
29,1,65,65,65
29,2,75,73,138
29,3,73,70,208
29,4,77,74,282
29,5,71,67,349
29,6,68,62,411
29,7,81,74,485
29,8,75,71,556
29,9,77,73,629
29,10,74,66,695
29,11,73,68,763
29,12,76,70,833
29,13,80,73,906
29,14,85,74,980
29,15,77,67,1047
29,16,78,70,1117
29,17,80,73,1190
29,18,76,70,1260
29,19,76,67,1327
29,20,78,65,1392
29,21,83,70,1462
29,22,81,71,1533
29,23,81,70,1603
29,24,82,65,1668
29,25,82,67,1735
29,26,81,70,1805
29,27,89,74,1879
29,28,83,69,1948
29,29,85,69,2017
29,30,84,73,2090
29,31,83,69,2159
29,32,89,75,2234
29,33,77,68,2302
29,34,86,72,2374
29,35,82,64,2438
29,36,86,73,2511
29,37,83,67,2578
29,38,88,76,2654
29,39,88,71,2725
29,40,83,69,2794
29,41,87,70,2864
29,42,88,69,2933
29,43,91,76,3009
29,44,77,64,3073
29,45,89,75,3148
29,46,91,74,3222
29,47,90,74,3296
29,48,88,71,3367
29,49,91,79,3446
29,50,94,78,3524
30,1,57,57,57
30,2,63,61,118
30,3,62,59,177
30,4,64,61,238
30,5,70,67,305
30,6,60,55,360
30,7,70,64,424
30,8,75,67,491
30,9,72,62,553
30,10,66,60,613
30,11,74,64,677
30,12,75,68,745
30,13,80,70,815
30,14,64,59,874
30,15,71,61,935
30,16,71,66,1001
30,17,70,57,1058
30,18,77,67,1125
30,19,74,65,1190
30,20,81,68,1258
30,21,74,62,1320
30,22,80,67,1387
30,23,82,72,1459
30,24,74,62,1521
30,25,76,63,1584
30,26,75,59,1643
30,27,72,65,1708
30,28,83,65,1773
30,29,72,57,1830
30,30,78,62,1892
30,31,83,67,1959
30,32,77,63,2022
30,33,78,65,2087
30,34,83,69,2156
30,35,82,67,2223
30,36,84,66,2289
30,37,77,57,2346
30,38,82,72,2418
30,39,92,73,2491
30,40,85,62,2553
30,41,86,72,2625
30,42,85,68,2693
30,43,84,68,2761
30,44,84,68,2829
30,45,74,64,2893
30,46,73,56,2949
30,47,82,63,3012
30,48,81,59,3071
30,49,83,65,3136
30,50,81,63,3199
31,1,53,53,53
31,2,68,67,120
31,3,72,71,191
31,4,70,67,258
31,5,73,68,326
31,6,75,65,391
31,7,68,61,452
31,8,77,73,525
31,9,73,68,593
31,10,80,72,665
31,11,76,63,728
31,12,75,67,795
31,13,77,69,864
31,14,79,72,936
31,15,82,74,1010
31,16,81,67,1077
31,17,82,64,1141
31,18,79,67,1208
31,19,81,67,1275
31,20,82,68,1343
31,21,80,70,1413
31,22,81,69,1482
31,23,87,71,1553
31,24,75,62,1615
31,25,87,72,1687
31,26,79,66,1753
31,27,74,67,1820
31,28,84,65,1885
31,29,81,72,1957
31,30,84,70,2027
31,31,86,67,2094
31,32,91,71,2165
31,33,87,75,2240
31,34,88,76,2316
31,35,86,71,2387
31,36,88,73,2460
31,37,87,74,2534
31,38,83,63,2597
31,39,80,66,2663
31,40,78,54,2717
31,41,87,76,2793
31,42,84,66,2859
31,43,88,67,2926
31,44,88,69,2995
31,45,83,59,3054
31,46,85,73,3127
31,47,79,55,3182
31,48,84,69,3251
31,49,83,66,3317
31,50,87,69,3386
32,1,69,69,69
32,2,63,61,130
32,3,70,68,198
32,4,72,66,264
32,5,74,70,334
32,6,74,70,404
32,7,68,64,468
32,8,74,68,536
32,9,76,67,603
32,10,79,74,677
32,11,82,75,752
32,12,73,66,818
32,13,75,64,882
32,14,83,73,955
32,15,80,70,1025
32,16,83,75,1100
32,17,77,64,1164
32,18,76,62,1226
32,19,78,66,1292
32,20,78,69,1361
32,21,74,64,1425
32,22,82,70,1495
32,23,83,73,1568
32,24,77,60,1628
32,25,84,70,1698
32,26,82,71,1769
32,27,94,80,1849
32,28,85,74,1923
32,29,88,67,1990
32,30,93,71,2061
32,31,76,57,2118
32,32,85,70,2188
32,33,87,68,2256
32,34,83,62,2318
32,35,82,72,2390
32,36,84,71,2461
32,37,84,69,2530
32,38,90,71,2601
32,39,81,69,2670
32,40,87,72,2742
32,41,91,72,2814
32,42,89,71,2885
32,43,77,65,2950
32,44,85,68,3018
32,45,88,74,3092
32,46,85,68,3160
32,47,81,67,3227
32,48,88,66,3293
32,49,86,70,3363
32,50,80,65,3428
33,1,69,69,69
33,2,74,72,141
33,3,73,70,211
33,4,69,66,277
33,5,80,76,353
33,6,70,66,419
33,7,76,70,489
33,8,70,66,555
33,9,79,74,629
33,10,77,72,701
33,11,74,61,762
33,12,73,68,830
33,13,77,67,897
33,14,83,75,972
33,15,78,68,1040
33,16,72,58,1098
33,17,86,76,1174
33,18,82,73,1247
33,19,84,75,1322
33,20,83,67,1389
33,21,80,70,1459
33,22,80,71,1530
33,23,81,64,1594
33,24,80,65,1659
33,25,87,71,1730
33,26,84,62,1792
33,27,84,67,1859
33,28,86,70,1929
33,29,85,69,1998
33,30,91,81,2079
33,31,89,76,2155
33,32,87,73,2228
33,33,81,61,2289
33,34,82,68,2357
33,35,87,69,2426
33,36,87,65,2491
33,37,86,67,2558
33,38,84,74,2632
33,39,84,66,2698
33,40,88,69,2767
33,41,82,66,2833
33,42,85,71,2904
33,43,85,67,2971
33,44,85,62,3033
33,45,88,67,3100
33,46,84,68,3168
33,47,85,68,3236
33,48,94,72,3308
33,49,87,69,3377
33,50,84,69,3446
34,1,60,60,60
34,2,73,72,132
34,3,78,74,206
34,4,74,72,278
34,5,71,68,346
34,6,80,75,421
34,7,79,71,492
34,8,68,65,557
34,9,71,62,619
34,10,76,69,688
34,11,76,67,755
34,12,75,70,825
34,13,82,72,897
34,14,83,72,969
34,15,77,72,1041
34,16,81,69,1110
34,17,85,74,1184
34,18,77,65,1249
34,19,74,63,1312
34,20,79,69,1381
34,21,87,68,1449
34,22,83,68,1517
34,23,79,63,1580
34,24,81,66,1646
34,25,85,75,1721
34,26,80,68,1789
34,27,78,64,1853
34,28,80,68,1921
34,29,79,69,1990
34,30,88,72,2062
34,31,81,69,2131
34,32,79,61,2192
34,33,81,64,2256
34,34,84,71,2327
34,35,81,66,2393
34,36,88,72,2465
34,37,87,64,2529
34,38,86,67,2596
34,39,78,58,2654
34,40,79,57,2711
34,41,82,69,2780
34,42,87,72,2852
34,43,85,73,2925
34,44,81,64,2989
34,45,84,68,3057
34,46,92,68,3125
34,47,87,70,3195
34,48,83,70,3265
34,49,87,66,3331
34,50,87,70,3401
35,1,61,61,61
35,2,65,63,124
35,3,66,62,186
35,4,67,63,249
35,5,61,57,306
35,6,71,67,373
35,7,66,58,431
35,8,69,62,493
35,9,70,63,556
35,10,74,68,624
35,11,67,62,686
35,12,75,69,755
35,13,73,62,817
35,14,73,64,881
35,15,75,60,941
35,16,73,63,1004
35,17,76,63,1067
35,18,75,63,1130
35,19,74,65,1195
35,20,77,67,1262
35,21,76,65,1327
35,22,81,66,1393
35,23,78,64,1457
35,24,72,57,1514
35,25,83,72,1586
35,26,82,69,1655
35,27,75,54,1709
35,28,79,64,1773
35,29,82,64,1837
35,30,83,68,1905
35,31,76,61,1966
35,32,80,67,2033
35,33,75,61,2094
35,34,80,69,2163
35,35,87,68,2231
35,36,78,62,2293
35,37,80,64,2357
35,38,85,70,2427
35,39,83,67,2494
35,40,84,69,2563
35,41,81,64,2627
35,42,84,68,2695
35,43,83,75,2770
35,44,90,65,2835
35,45,83,60,2895
35,46,90,74,2969
35,47,80,65,3034
35,48,81,62,3096
35,49,86,71,3167
35,50,85,68,3235
36,1,74,74,74
36,2,72,71,145
36,3,66,64,209
36,4,75,69,278
36,5,80,73,351
36,6,84,80,431
36,7,79,71,502
36,8,69,62,564
36,9,67,63,627
36,10,77,71,698
36,11,87,77,775
36,12,77,68,843
36,13,70,61,904
36,14,82,72,976
36,15,79,65,1041
36,16,69,62,1103
36,17,75,61,1164
36,18,85,73,1237
36,19,82,74,1311
36,20,78,65,1376
36,21,83,68,1444
36,22,82,72,1516
36,23,84,69,1585
36,24,86,74,1659
36,25,76,65,1724
36,26,84,68,1792
36,27,88,69,1861
36,28,86,74,1935
36,29,82,71,2006
36,30,86,67,2073
36,31,82,68,2141
36,32,84,68,2209
36,33,85,72,2281
36,34,81,74,2355
36,35,82,65,2420
36,36,86,73,2493
36,37,84,68,2561
36,38,85,63,2624
36,39,88,74,2698
36,40,72,62,2760
36,41,85,71,2831
36,42,81,69,2900
36,43,80,65,2965
36,44,85,73,3038
36,45,84,68,3106
36,46,85,70,3176
36,47,89,67,3243
36,48,82,60,3303
36,49,77,67,3370
36,50,86,75,3445
37,1,77,77,77
37,2,74,73,150
37,3,74,71,221
37,4,78,74,295
37,5,88,84,379
37,6,85,79,458
37,7,79,76,534
37,8,81,75,609
37,9,87,82,691
37,10,82,72,763
37,11,83,80,843
37,12,84,78,921
37,13,83,76,997
37,14,85,78,1075
37,15,78,70,1145
37,16,85,78,1223
37,17,79,71,1294
37,18,83,71,1365
37,19,88,78,1443
37,20,82,71,1514
37,21,85,71,1585
37,22,82,68,1653
37,23,80,74,1727
37,24,81,72,1799
37,25,78,65,1864
37,26,86,77,1941
37,27,89,73,2014
37,28,78,68,2082
37,29,89,78,2160
37,30,87,76,2236
37,31,89,72,2308
37,32,79,69,2377
37,33,91,78,2455
37,34,86,68,2523
37,35,85,71,2594
37,36,92,77,2671
37,37,85,76,2747
37,38,84,68,2815
37,39,88,74,2889
37,40,74,62,2951
37,41,90,74,3025
37,42,92,77,3102
37,43,88,80,3182
37,44,91,71,3253
37,45,93,75,3328
37,46,84,61,3389
37,47,91,72,3461
37,48,92,81,3542
37,49,89,73,3615
37,50,94,81,3696
38,1,74,74,74
38,2,65,64,138
38,3,71,69,207
38,4,80,77,284
38,5,67,62,346
38,6,88,84,430
38,7,82,76,506
38,8,84,75,581
38,9,76,72,653
38,10,82,75,728
38,11,82,71,799
38,12,76,71,870
38,13,81,76,946
38,14,76,67,1013
38,15,89,78,1091
38,16,78,65,1156
38,17,86,75,1231
38,18,82,77,1308
38,19,85,73,1381
38,20,88,76,1457
38,21,78,71,1528
38,22,85,75,1603
38,23,88,79,1682
38,24,81,68,1750
38,25,85,76,1826
38,26,88,75,1901
38,27,94,74,1975
38,28,87,80,2055
38,29,88,74,2129
38,30,90,79,2208
38,31,87,71,2279
38,32,84,72,2351
38,33,83,73,2424
38,34,87,75,2499
38,35,89,79,2578
38,36,91,81,2659
38,37,89,75,2734
38,38,87,75,2809
38,39,87,69,2878
38,40,87,73,2951
38,41,87,73,3024
38,42,78,65,3089
38,43,90,76,3165
38,44,90,74,3239
38,45,86,70,3309
38,46,89,71,3380
38,47,92,71,3451
38,48,81,69,3520
38,49,84,70,3590
38,50,87,70,3660
39,1,69,69,69
39,2,79,77,146
39,3,73,71,217
39,4,77,75,292
39,5,74,72,364
39,6,80,72,436
39,7,79,72,508
39,8,79,73,581
39,9,82,74,655
39,10,85,80,735
39,11,76,66,801
39,12,84,69,870
39,13,90,74,944
39,14,78,73,1017
39,15,86,79,1096
39,16,85,80,1176
39,17,78,65,1241
39,18,82,72,1313
39,19,84,72,1385
39,20,85,76,1461
39,21,82,69,1530
39,22,83,75,1605
39,23,90,79,1684
39,24,88,78,1762
39,25,79,69,1831
39,26,83,71,1902
39,27,92,83,1985
39,28,83,65,2050
39,29,86,74,2124
39,30,88,72,2196
39,31,82,71,2267
39,32,88,73,2340
39,33,88,80,2420
39,34,84,70,2490
39,35,83,70,2560
39,36,85,72,2632
39,37,87,72,2704
39,38,87,70,2774
39,39,83,70,2844
39,40,89,76,2920
39,41,84,63,2983
39,42,89,66,3049
39,43,91,67,3116
39,44,89,75,3191
39,45,91,77,3268
39,46,85,63,3331
39,47,86,68,3399
39,48,88,71,3470
39,49,88,71,3541
39,50,87,58,3599
40,1,54,54,54
40,2,75,74,128
40,3,72,69,197
40,4,65,63,260
40,5,71,68,328
40,6,72,63,391
40,7,77,74,465
40,8,81,75,540
40,9,78,71,611
40,10,76,68,679
40,11,73,65,744
40,12,76,67,811
40,13,71,64,875
40,14,75,67,942
40,15,86,80,1022
40,16,82,74,1096
40,17,77,72,1168
40,18,76,64,1232
40,19,75,60,1292
40,20,82,73,1365
40,21,80,66,1431
40,22,76,67,1498
40,23,80,68,1566
40,24,91,77,1643
40,25,89,76,1719
40,26,86,72,1791
40,27,84,71,1862
40,28,81,70,1932
40,29,75,58,1990
40,30,82,67,2057
40,31,84,74,2131
40,32,87,71,2202
40,33,85,70,2272
40,34,85,70,2342
40,35,84,73,2415
40,36,85,80,2495
40,37,91,79,2574
40,38,78,63,2637
40,39,87,76,2713
40,40,86,73,2786
40,41,88,74,2860
40,42,88,70,2930
40,43,88,75,3005
40,44,84,56,3061
40,45,87,75,3136
40,46,84,72,3208
40,47,89,68,3276
40,48,88,73,3349
40,49,86,68,3417
40,50,83,64,3481
41,1,66,66,66
41,2,71,69,135
41,3,64,63,198
41,4,72,69,267
41,5,73,70,337
41,6,76,70,407
41,7,68,63,470
41,8,73,64,534
41,9,78,65,599
41,10,79,66,665
41,11,80,76,741
41,12,79,70,811
41,13,80,69,880
41,14,69,59,939
41,15,76,67,1006
41,16,76,68,1074
41,17,79,69,1143
41,18,75,66,1209
41,19,79,71,1280
41,20,78,66,1346
41,21,83,69,1415
41,22,78,65,1480
41,23,83,69,1549
41,24,85,73,1622
41,25,85,71,1693
41,26,75,58,1751
41,27,77,64,1815
41,28,86,76,1891
41,29,83,65,1956
41,30,84,71,2027
41,31,86,69,2096
41,32,87,69,2165
41,33,84,68,2233
41,34,84,71,2304
41,35,91,67,2371
41,36,91,78,2449
41,37,87,71,2520
41,38,80,64,2584
41,39,81,70,2654
41,40,82,66,2720
41,41,92,73,2793
41,42,81,65,2858
41,43,87,72,2930
41,44,89,70,3000
41,45,83,68,3068
41,46,86,65,3133
41,47,88,69,3202
41,48,79,59,3261
41,49,80,71,3332
41,50,86,69,3401
42,1,66,66,66
42,2,65,64,130
42,3,67,65,195
42,4,71,67,262
42,5,63,60,322
42,6,68,60,382
42,7,72,66,448
42,8,62,54,502
42,9,82,72,574
42,10,78,72,646
42,11,76,68,714
42,12,78,73,787
42,13,80,69,856
42,14,79,72,928
42,15,89,70,998
42,16,80,68,1066
42,17,79,71,1137
42,18,74,68,1205
42,19,79,70,1275
42,20,83,68,1343
42,21,84,69,1412
42,22,80,67,1479
42,23,82,73,1552
42,24,78,67,1619
42,25,93,82,1701
42,26,85,74,1775
42,27,82,72,1847
42,28,79,64,1911
42,29,77,62,1973
42,30,79,68,2041
42,31,82,59,2100
42,32,88,70,2170
42,33,87,75,2245
42,34,81,71,2316
42,35,78,68,2384
42,36,82,64,2448
42,37,85,74,2522
42,38,87,61,2583
42,39,85,68,2651
42,40,85,73,2724
42,41,96,80,2804
42,42,81,59,2863
42,43,89,74,2937
42,44,87,67,3004
42,45,85,69,3073
42,46,88,72,3145
42,47,85,74,3219
42,48,85,65,3284
42,49,84,70,3354
42,50,86,68,3422
43,1,72,72,72
43,2,76,75,147
43,3,67,63,210
43,4,74,70,280
43,5,67,62,342
43,6,71,65,407
43,7,75,71,478
43,8,72,67,545
43,9,75,69,614
43,10,75,70,684
43,11,72,67,751
43,12,78,69,820
43,13,73,60,880
43,14,70,60,940
43,15,84,75,1015
43,16,87,78,1093
43,17,84,71,1164
43,18,78,69,1233
43,19,83,70,1303
43,20,83,73,1376
43,21,73,63,1439
43,22,70,62,1501
43,23,74,65,1566
43,24,77,61,1627
43,25,80,66,1693
43,26,81,66,1759
43,27,77,68,1827
43,28,73,60,1887
43,29,85,67,1954
43,30,81,60,2014
43,31,81,68,2082
43,32,80,61,2143
43,33,82,66,2209
43,34,80,65,2274
43,35,79,57,2331
43,36,77,61,2392
43,37,86,61,2453
43,38,79,62,2515
43,39,85,68,2583
43,40,88,73,2656
43,41,77,63,2719
43,42,80,61,2780
43,43,88,70,2850
43,44,84,60,2910
43,45,86,68,2978
43,46,80,64,3042
43,47,77,62,3104
43,48,84,69,3173
43,49,84,73,3246
43,50,80,51,3297
44,1,66,66,66
44,2,64,63,129
44,3,75,74,203
44,4,79,75,278
44,5,73,71,349
44,6,69,64,413
44,7,78,70,483
44,8,75,68,551
44,9,78,72,623
44,10,75,68,691
44,11,78,70,761
44,12,78,68,829
44,13,74,63,892
44,14,76,63,955
44,15,75,65,1020
44,16,80,64,1084
44,17,81,70,1154
44,18,77,59,1213
44,19,83,70,1283
44,20,77,63,1346
44,21,82,72,1418
44,22,80,66,1484
44,23,86,70,1554
44,24,79,64,1618
44,25,84,68,1686
44,26,77,70,1756
44,27,75,57,1813
44,28,78,65,1878
44,29,78,65,1943
44,30,77,70,2013
44,31,87,73,2086
44,32,82,71,2157
44,33,82,67,2224
44,34,81,64,2288
44,35,89,78,2366
44,36,92,80,2446
44,37,83,72,2518
44,38,87,70,2588
44,39,87,65,2653
44,40,87,71,2724
44,41,88,70,2794
44,42,84,60,2854
44,43,81,62,2916
44,44,82,65,2981
44,45,89,76,3057
44,46,84,60,3117
44,47,84,71,3188
44,48,84,71,3259
44,49,81,66,3325
44,50,80,62,3387
45,1,69,69,69
45,2,71,68,137
45,3,77,74,211
45,4,71,70,281
45,5,74,70,351
45,6,71,66,417
45,7,78,69,486
45,8,71,59,545
45,9,78,69,614
45,10,72,65,679
45,11,79,75,754
45,12,73,65,819
45,13,78,68,887
45,14,75,64,951
45,15,80,67,1018
45,16,73,63,1081
45,17,78,65,1146
45,18,83,71,1217
45,19,80,66,1283
45,20,75,62,1345
45,21,76,57,1402
45,22,76,63,1465
45,23,80,70,1535
45,24,73,61,1596
45,25,82,68,1664
45,26,84,73,1737
45,27,82,65,1802
45,28,83,64,1866
45,29,80,62,1928
45,30,85,64,1992
45,31,87,73,2065
45,32,80,69,2134
45,33,84,72,2206
45,34,84,71,2277
45,35,83,66,2343
45,36,88,69,2412
45,37,84,67,2479
45,38,80,64,2543
45,39,80,62,2605
45,40,86,70,2675
45,41,87,59,2734
45,42,87,74,2808
45,43,93,69,2877
45,44,87,75,2952
45,45,89,69,3021
45,46,90,76,3097
45,47,87,74,3171
45,48,84,62,3233
45,49,85,62,3295
45,50,87,70,3365
46,1,68,68,68
46,2,74,73,141
46,3,68,66,207
46,4,73,72,279
46,5,82,78,357
46,6,70,68,425
46,7,77,70,495
46,8,78,71,566
46,9,76,68,634
46,10,68,59,693
46,11,84,78,771
46,12,77,73,844
46,13,81,71,915
46,14,83,77,992
46,15,85,75,1067
46,16,82,75,1142
46,17,79,67,1209
46,18,76,64,1273
46,19,82,73,1346
46,20,71,56,1402
46,21,78,67,1469
46,22,88,78,1547
46,23,78,65,1612
46,24,85,72,1684
46,25,82,66,1750
46,26,84,70,1820
46,27,87,76,1896
46,28,82,75,1971
46,29,88,72,2043
46,30,78,63,2106
46,31,82,72,2178
46,32,83,70,2248
46,33,87,71,2319
46,34,88,73,2392
46,35,86,74,2466
46,36,87,71,2537
46,37,85,72,2609
46,38,85,75,2684
46,39,85,72,2756
46,40,84,69,2825
46,41,91,75,2900
46,42,88,71,2971
46,43,83,71,3042
46,44,91,77,3119
46,45,90,73,3192
46,46,86,70,3262
46,47,88,65,3327
46,48,91,77,3404
46,49,86,64,3468
46,50,84,65,3533
47,1,69,69,69
47,2,75,73,142
47,3,77,75,217
47,4,79,76,293
47,5,81,77,370
47,6,72,66,436
47,7,80,76,512
47,8,81,74,586
47,9,78,71,657
47,10,75,64,721
47,11,83,76,797
47,12,80,72,869
47,13,84,75,944
47,14,78,68,1012
47,15,84,75,1087
47,16,76,67,1154
47,17,85,73,1227
47,18,83,68,1295
47,19,85,66,1361
47,20,79,71,1432
47,21,89,73,1505
47,22,91,80,1585
47,23,84,73,1658
47,24,88,72,1730
47,25,85,64,1794
47,26,80,63,1857
47,27,83,71,1928
47,28,88,73,2001
47,29,87,75,2076
47,30,87,71,2147
47,31,88,78,2225
47,32,82,66,2291
47,33,79,72,2363
47,34,88,71,2434
47,35,88,75,2509
47,36,86,70,2579
47,37,76,69,2648
47,38,82,60,2708
47,39,90,78,2786
47,40,87,69,2855
47,41,84,71,2926
47,42,93,73,2999
47,43,82,66,3065
47,44,86,67,3132
47,45,83,71,3203
47,46,85,64,3267
47,47,84,63,3330
47,48,94,73,3403
47,49,93,75,3478
47,50,96,72,3550
48,1,64,64,64
48,2,62,58,122
48,3,79,77,199
48,4,73,70,269
48,5,78,76,345
48,6,77,73,418
48,7,72,70,488
48,8,88,83,571
48,9,80,74,645
48,10,76,73,718
48,11,83,74,792
48,12,75,67,859
48,13,87,76,935
48,14,78,73,1008
48,15,79,72,1080
48,16,86,74,1154
48,17,85,76,1230
48,18,82,71,1301
48,19,80,63,1364
48,20,80,65,1429
48,21,87,75,1504
48,22,83,63,1567
48,23,83,71,1638
48,24,88,71,1709
48,25,85,71,1780
48,26,77,62,1842
48,27,84,70,1912
48,28,80,68,1980
48,29,84,76,2056
48,30,80,63,2119
48,31,88,75,2194
48,32,92,76,2270
48,33,90,72,2342
48,34,88,71,2413
48,35,78,66,2479
48,36,85,72,2551
48,37,92,77,2628
48,38,89,70,2698
48,39,82,69,2767
48,40,81,65,2832
48,41,87,72,2904
48,42,81,68,2972
48,43,90,75,3047
48,44,86,68,3115
48,45,89,68,3183
48,46,91,71,3254
48,47,85,67,3321
48,48,83,72,3393
48,49,86,67,3460
48,50,85,74,3534
49,1,60,60,60
49,2,51,50,110
49,3,58,55,165
49,4,57,54,219
49,5,64,59,278
49,6,69,65,343
49,7,70,66,409
49,8,67,61,470
49,9,71,64,534
49,10,75,69,603
49,11,66,62,665
49,12,75,65,730
49,13,70,64,794
49,14,71,65,859
49,15,79,65,924
49,16,71,63,987
49,17,78,69,1056
49,18,76,65,1121
49,19,76,62,1183
49,20,76,65,1248
49,21,73,60,1308
49,22,75,64,1372
49,23,70,60,1432
49,24,71,58,1490
49,25,73,59,1549
49,26,82,69,1618
49,27,83,68,1686
49,28,86,72,1758
49,29,81,69,1827
49,30,81,69,1896
49,31,89,66,1962
49,32,82,65,2027
49,33,85,70,2097
49,34,82,65,2162
49,35,84,61,2223
49,36,82,67,2290
49,37,78,62,2352
49,38,74,54,2406
49,39,84,65,2471
49,40,82,62,2533
49,41,78,61,2594
49,42,85,65,2659
49,43,85,67,2726
49,44,85,63,2789
49,45,82,64,2853
49,46,87,72,2925
49,47,82,59,2984
49,48,88,65,3049
49,49,85,65,3114
49,50,82,57,3171
50,1,65,65,65
50,2,66,64,129
50,3,59,58,187
50,4,71,69,256
50,5,66,58,314
50,6,68,54,368
50,7,70,63,431
50,8,71,60,491
50,9,67,64,555
50,10,71,65,620
50,11,68,56,676
50,12,76,65,741
50,13,68,60,801
50,14,73,66,867
50,15,72,65,932
50,16,76,61,993
50,17,69,60,1053
50,18,72,60,1113
50,19,79,63,1176
50,20,82,71,1247
50,21,80,66,1313
50,22,78,62,1375
50,23,73,62,1437
50,24,74,58,1495
50,25,77,61,1556
50,26,77,61,1617
50,27,81,59,1676
50,28,81,70,1746
50,29,81,73,1819
50,30,84,66,1885
50,31,79,62,1947
50,32,76,61,2008
50,33,71,61,2069
50,34,84,67,2136
50,35,84,66,2202
50,36,87,73,2275
50,37,75,65,2340
50,38,80,62,2402
50,39,77,65,2467
50,40,74,55,2522
50,41,83,66,2588
50,42,79,69,2657
50,43,72,58,2715
50,44,83,69,2784
50,45,82,71,2855
50,46,80,59,2914
50,47,87,65,2979
50,48,81,68,3047
50,49,85,67,3114
50,50,84,65,3179
51,1,57,57,57
51,2,51,48,105
51,3,75,74,179
51,4,72,68,247
51,5,62,59,306
51,6,68,62,368
51,7,58,55,423
51,8,69,65,488
51,9,69,65,553
51,10,76,67,620
51,11,71,58,678
51,12,67,57,735
51,13,75,70,805
51,14,68,58,863
51,15,68,63,926
51,16,73,66,992
51,17,79,70,1062
51,18,75,62,1124
51,19,75,64,1188
51,20,63,50,1238
51,21,73,59,1297
51,22,81,67,1364
51,23,80,66,1430
51,24,84,71,1501
51,25,68,57,1558
51,26,78,64,1622
51,27,78,63,1685
51,28,71,53,1738
51,29,75,64,1802
51,30,79,63,1865
51,31,88,72,1937
51,32,87,79,2016
51,33,78,71,2087
51,34,77,57,2144
51,35,82,59,2203
51,36,86,62,2265
51,37,79,58,2323
51,38,80,55,2378
51,39,83,66,2444
51,40,82,71,2515
51,41,85,69,2584
51,42,80,60,2644
51,43,95,79,2723
51,44,80,64,2787
51,45,80,65,2852
51,46,76,60,2912
51,47,84,64,2976
51,48,86,65,3041
51,49,80,53,3094
51,50,76,56,3150
52,1,65,65,65
52,2,70,68,133
52,3,66,62,195
52,4,61,54,249
52,5,70,64,313
52,6,66,57,370
52,7,72,68,438
52,8,70,62,500
52,9,66,62,562
52,10,67,61,623
52,11,73,60,683
52,12,74,68,751
52,13,66,60,811
52,14,78,65,876
52,15,74,65,941
52,16,66,56,997
52,17,73,66,1063
52,18,78,61,1124
52,19,79,70,1194
52,20,80,70,1264
52,21,74,61,1325
52,22,75,64,1389
52,23,72,58,1447
52,24,79,62,1509
52,25,79,75,1584
52,26,82,70,1654
52,27,70,64,1718
52,28,84,69,1787
52,29,80,59,1846
52,30,82,73,1919
52,31,81,59,1978
52,32,78,62,2040
52,33,83,59,2099
52,34,86,62,2161
52,35,85,67,2228
52,36,86,70,2298
52,37,80,61,2359
52,38,80,63,2422
52,39,83,60,2482
52,40,82,64,2546
52,41,82,70,2616
52,42,84,67,2683
52,43,89,75,2758
52,44,78,59,2817
52,45,86,71,2888
52,46,86,60,2948
52,47,89,72,3020
52,48,84,66,3086
52,49,84,62,3148
52,50,86,66,3214
53,1,68,68,68
53,2,63,62,130
53,3,64,62,192
53,4,63,62,254
53,5,63,59,313
53,6,61,57,370
53,7,71,68,438
53,8,73,67,505
53,9,66,60,565
53,10,74,68,633
53,11,75,67,700
53,12,73,59,759
53,13,84,78,837
53,14,74,61,898
53,15,62,54,952
53,16,75,63,1015
53,17,70,61,1076
53,18,69,58,1134
53,19,81,70,1204
53,20,78,61,1265
53,21,74,59,1324
53,22,70,60,1384
53,23,69,57,1441
53,24,78,58,1499
53,25,69,56,1555
53,26,85,70,1625
53,27,66,52,1677
53,28,81,65,1742
53,29,70,52,1794
53,30,68,52,1846
53,31,73,60,1906
53,32,77,51,1957
53,33,83,58,2015
53,34,82,72,2087
53,35,80,63,2150
53,36,79,64,2214
53,37,72,56,2270
53,38,84,60,2330
53,39,83,64,2394
53,40,83,60,2454
53,41,80,62,2516
53,42,83,62,2578
53,43,79,59,2637
53,44,79,63,2700
53,45,83,72,2772
53,46,78,66,2838
53,47,86,65,2903
53,48,85,68,2971
53,49,78,62,3033
53,50,84,69,3102
54,1,52,52,52
54,2,59,56,108
54,3,68,67,175
54,4,70,67,242
54,5,66,60,302
54,6,59,57,359
54,7,70,66,425
54,8,69,58,483
54,9,69,63,546
54,10,64,57,603
54,11,70,62,665
54,12,66,53,718
54,13,60,49,767
54,14,69,60,827
54,15,71,62,889
54,16,71,67,956
54,17,76,64,1020
54,18,77,67,1087
54,19,66,56,1143
54,20,80,68,1211
54,21,80,66,1277
54,22,70,61,1338
54,23,73,64,1402
54,24,78,64,1466
54,25,74,58,1524
54,26,80,64,1588
54,27,76,69,1657
54,28,78,61,1718
54,29,69,54,1772
54,30,71,58,1830
54,31,72,65,1895
54,32,76,59,1954
54,33,76,59,2013
54,34,73,58,2071
54,35,78,65,2136
54,36,82,58,2194
54,37,74,61,2255
54,38,72,54,2309
54,39,76,59,2368
54,40,76,61,2429
54,41,76,60,2489
54,42,87,69,2558
54,43,81,65,2623
54,44,75,52,2675
54,45,77,52,2727
54,46,75,59,2786
54,47,83,60,2846
54,48,72,59,2905
54,49,86,64,2969
54,50,80,60,3029
55,1,62,62,62
55,2,67,65,127
55,3,69,66,193
55,4,62,58,251
55,5,66,63,314
55,6,67,61,375
55,7,75,71,446
55,8,75,68,514
55,9,74,66,580
55,10,61,53,633
55,11,74,66,699
55,12,78,72,771
55,13,83,76,847
55,14,77,71,918
55,15,76,64,982
55,16,79,71,1053
55,17,81,72,1125
55,18,84,69,1194
55,19,76,70,1264
55,20,80,67,1331
55,21,77,64,1395
55,22,79,64,1459
55,23,80,67,1526
55,24,79,62,1588
55,25,84,71,1659
55,26,87,76,1735
55,27,87,77,1812
55,28,75,69,1881
55,29,80,65,1946
55,30,81,64,2010
55,31,82,74,2084
55,32,90,68,2152
55,33,83,66,2218
55,34,89,75,2293
55,35,88,61,2354
55,36,79,65,2419
55,37,90,70,2489
55,38,87,70,2559
55,39,86,72,2631
55,40,84,68,2699
55,41,74,59,2758
55,42,79,68,2826
55,43,86,68,2894
55,44,83,68,2962
55,45,80,67,3029
55,46,88,67,3096
55,47,85,70,3166
55,48,91,72,3238
55,49,82,71,3309
55,50,83,60,3369
56,1,52,52,52
56,2,58,57,109
56,3,56,54,163
56,4,53,52,215
56,5,63,60,275
56,6,66,57,332
56,7,72,68,400
56,8,74,67,467
56,9,71,63,530
56,10,73,62,592
56,11,74,63,655
56,12,66,59,714
56,13,68,59,773
56,14,76,64,837
56,15,76,63,900
56,16,74,68,968
56,17,71,59,1027
56,18,81,72,1099
56,19,78,70,1169
56,20,73,59,1228
56,21,83,66,1294
56,22,76,63,1357
56,23,79,66,1423
56,24,84,69,1492
56,25,76,62,1554
56,26,73,57,1611
56,27,84,71,1682
56,28,80,61,1743
56,29,80,64,1807
56,30,77,64,1871
56,31,73,58,1929
56,32,86,76,2005
56,33,83,66,2071
56,34,74,60,2131
56,35,86,66,2197
56,36,82,73,2270
56,37,87,71,2341
56,38,85,63,2404
56,39,74,60,2464
56,40,87,71,2535
56,41,84,65,2600
56,42,91,73,2673
56,43,85,64,2737
56,44,76,58,2795
56,45,85,74,2869
56,46,88,67,2936
56,47,86,67,3003
56,48,76,59,3062
56,49,89,70,3132
56,50,84,67,3199
57,1,63,63,63
57,2,54,52,115
57,3,60,57,172
57,4,60,57,229
57,5,67,62,291
57,6,70,67,358
57,7,63,58,416
57,8,57,53,469
57,9,70,64,533
57,10,66,57,590
57,11,69,60,650
57,12,68,59,709
57,13,72,60,769
57,14,75,62,831
57,15,74,65,896
57,16,74,66,962
57,17,74,66,1028
57,18,70,53,1081
57,19,76,65,1146
57,20,70,59,1205
57,21,81,72,1277
57,22,75,66,1343
57,23,77,64,1407
57,24,83,66,1473
57,25,71,58,1531
57,26,78,63,1594
57,27,81,67,1661
57,28,80,64,1725
57,29,71,58,1783
57,30,81,59,1842
57,31,75,60,1902
57,32,78,57,1959
57,33,82,67,2026
57,34,80,56,2082
57,35,77,66,2148
57,36,79,58,2206
57,37,75,59,2265
57,38,81,66,2331
57,39,74,62,2393
57,40,84,67,2460
57,41,77,60,2520
57,42,81,59,2579
57,43,80,60,2639
57,44,85,69,2708
57,45,84,71,2779
57,46,86,71,2850
57,47,82,63,2913
57,48,90,67,2980
57,49,81,63,3043
57,50,80,60,3103
58,1,63,63,63
58,2,70,68,131
58,3,65,62,193
58,4,69,68,261
58,5,66,61,322
58,6,71,63,385
58,7,74,68,453
58,8,70,64,517
58,9,68,58,575
58,10,76,69,644
58,11,74,69,713
58,12,76,66,779
58,13,71,65,844
58,14,78,63,907
58,15,69,58,965
58,16,74,62,1027
58,17,67,53,1080
58,18,77,63,1143
58,19,80,63,1206
58,20,81,67,1273
58,21,67,50,1323
58,22,75,64,1387
58,23,75,64,1451
58,24,74,57,1508
58,25,72,53,1561
58,26,71,48,1609
58,27,75,61,1670
58,28,73,54,1724
58,29,79,63,1787
58,30,75,57,1844
58,31,77,61,1905
58,32,71,53,1958
58,33,67,53,2011
58,34,80,63,2074
58,35,81,65,2139
58,36,77,52,2191
58,37,80,58,2249
58,38,77,64,2313
58,39,80,55,2368
58,40,71,56,2424
58,41,75,65,2489
58,42,85,66,2555
58,43,76,57,2612
58,44,72,56,2668
58,45,77,48,2716
58,46,79,57,2773
58,47,73,57,2830
58,48,81,59,2889
58,49,78,55,2944
58,50,78,56,3000
59,1,64,64,64
59,2,51,50,114
59,3,59,57,171
59,4,70,67,238
59,5,60,56,294
59,6,63,60,354
59,7,64,60,414
59,8,65,58,472
59,9,61,56,528
59,10,68,64,592
59,11,66,59,651
59,12,65,61,712
59,13,75,64,776
59,14,68,61,837
59,15,75,63,900
59,16,76,64,964
59,17,71,58,1022
59,18,72,61,1083
59,19,71,59,1142
59,20,74,62,1204
59,21,78,70,1274
59,22,73,62,1336
59,23,81,73,1409
59,24,79,67,1476
59,25,85,74,1550
59,26,76,65,1615
59,27,66,50,1665
59,28,76,63,1728
59,29,83,66,1794
59,30,85,74,1868
59,31,87,73,1941
59,32,82,70,2011
59,33,84,64,2075
59,34,81,66,2141
59,35,80,66,2207
59,36,88,71,2278
59,37,85,68,2346
59,38,79,62,2408
59,39,80,67,2475
59,40,83,67,2542
59,41,83,69,2611
59,42,80,70,2681
59,43,83,68,2749
59,44,81,66,2815
59,45,88,79,2894
59,46,84,66,2960
59,47,85,62,3022
59,48,79,63,3085
59,49,81,64,3149
59,50,83,65,3214
60,1,63,63,63
60,2,58,57,120
60,3,54,52,172
60,4,62,61,233
60,5,72,68,301
60,6,71,68,369
60,7,62,58,427
60,8,65,57,484
60,9,58,52,536
60,10,67,59,595
60,11,67,61,656
60,12,65,55,711
60,13,71,64,775
60,14,74,69,844
60,15,79,70,914
60,16,72,62,976
60,17,76,68,1044
60,18,78,68,1112
60,19,73,60,1172
60,20,77,63,1235
60,21,72,60,1295
60,22,78,59,1354
60,23,76,61,1415
60,24,73,62,1477
60,25,81,67,1544
60,26,72,59,1603
60,27,74,58,1661
60,28,71,60,1721
60,29,74,59,1780
60,30,71,62,1842
60,31,80,66,1908
60,32,85,66,1974
60,33,79,64,2038
60,34,77,61,2099
60,35,76,66,2165
60,36,80,62,2227
60,37,76,58,2285
60,38,72,57,2342
60,39,84,67,2409
60,40,82,64,2473
60,41,83,68,2541
60,42,86,70,2611
60,43,72,58,2669
60,44,81,64,2733
60,45,77,55,2788
60,46,77,61,2849
60,47,86,67,2916
60,48,83,73,2989
60,49,90,70,3059
60,50,85,64,3123
61,1,55,55,55
61,2,56,54,109
61,3,62,61,170
61,4,64,62,232
61,5,62,56,288
61,6,74,68,356
61,7,63,57,413
61,8,53,44,457
61,9,66,58,515
61,10,61,56,571
61,11,65,57,628
61,12,62,53,681
61,13,73,62,743
61,14,72,64,807
61,15,72,65,872
61,16,82,70,942
61,17,70,61,1003
61,18,76,65,1068
61,19,81,72,1140
61,20,77,66,1206
61,21,81,71,1277
61,22,72,58,1335
61,23,77,66,1401
61,24,79,65,1466
61,25,76,66,1532
61,26,83,70,1602
61,27,81,75,1677
61,28,82,67,1744
61,29,82,65,1809
61,30,76,62,1871
61,31,83,62,1933
61,32,80,66,1999
61,33,82,73,2072
61,34,86,70,2142
61,35,75,60,2202
61,36,81,66,2268
61,37,77,57,2325
61,38,83,68,2393
61,39,85,66,2459
61,40,72,61,2520
61,41,75,54,2574
61,42,77,67,2641
61,43,85,66,2707
61,44,80,63,2770
61,45,81,60,2830
61,46,87,63,2893
61,47,82,69,2962
61,48,84,63,3025
61,49,79,61,3086
61,50,86,69,3155
62,1,67,67,67
62,2,62,61,128
62,3,63,62,190
62,4,76,72,262
62,5,68,64,326
62,6,65,59,385
62,7,69,61,446
62,8,63,56,502
62,9,69,63,565
62,10,73,69,634
62,11,75,63,697
62,12,69,58,755
62,13,76,65,820
62,14,79,66,886
62,15,72,59,945
62,16,73,67,1012
62,17,76,65,1077
62,18,73,63,1140
62,19,84,69,1209
62,20,72,62,1271
62,21,77,61,1332
62,22,81,67,1399
62,23,74,65,1464
62,24,76,58,1522
62,25,88,81,1603
62,26,79,66,1669
62,27,82,71,1740
62,28,76,61,1801
62,29,82,68,1869
62,30,83,69,1938
62,31,76,55,1993
62,32,81,65,2058
62,33,83,66,2124
62,34,84,64,2188
62,35,75,54,2242
62,36,83,70,2312
62,37,85,65,2377
62,38,81,64,2441
62,39,84,69,2510
62,40,84,61,2571
62,41,82,66,2637
62,42,83,68,2705
62,43,84,67,2772
62,44,87,68,2840
62,45,80,58,2898
62,46,85,72,2970
62,47,84,69,3039
62,48,87,78,3117
62,49,89,67,3184
62,50,83,67,3251
63,1,60,60,60
63,2,62,61,121
63,3,57,56,177
63,4,64,63,240
63,5,73,67,307
63,6,72,68,375
63,7,65,58,433
63,8,69,61,494
63,9,72,64,558
63,10,75,68,626
63,11,79,69,695
63,12,75,70,765
63,13,79,71,836
63,14,74,65,901
63,15,72,61,962
63,16,75,64,1026
63,17,79,65,1091
63,18,86,76,1167
63,19,75,64,1231
63,20,79,67,1298
63,21,78,69,1367
63,22,77,67,1434
63,23,82,64,1498
63,24,78,67,1565
63,25,81,68,1633
63,26,77,64,1697
63,27,81,63,1760
63,28,79,64,1824
63,29,73,60,1884
63,30,87,68,1952
63,31,85,70,2022
63,32,78,69,2091
63,33,75,62,2153
63,34,85,65,2218
63,35,84,67,2285
63,36,85,72,2357
63,37,81,61,2418
63,38,86,67,2485
63,39,86,69,2554
63,40,87,70,2624
63,41,92,74,2698
63,42,81,63,2761
63,43,84,69,2830
63,44,80,63,2893
63,45,85,74,2967
63,46,86,71,3038
63,47,86,72,3110
63,48,89,64,3174
63,49,82,59,3233
63,50,81,61,3294
