t,i,num_sampled,num_new_elements,total_sample_size
1,1,45,45,45
1,2,127,100,145
1,3,295,237,382
1,4,429,335,717
1,5,585,440,1157
2,1,64,64,64
2,2,166,126,190
2,3,333,270,460
2,4,463,349,809
2,5,543,398,1207
3,1,88,88,88
3,2,231,187,275
3,3,425,352,627
3,4,544,433,1060
3,5,602,461,1521
4,1,137,137,137
4,2,355,295,432
4,3,505,409,841
4,4,612,489,1330
4,5,647,504,1834
5,1,146,146,146
5,2,351,297,443
5,3,507,418,861
5,4,596,464,1325
5,5,609,464,1789
