t,i,num_sampled,num_new_elements,total_sample_size
1,1,80,80,80
1,2,86,78,158
1,3,81,68,226
1,4,80,71,297
1,5,87,73,370
1,6,87,72,442
1,7,83,72,514
1,8,96,86,600
1,9,96,77,677
1,10,89,73,750
1,11,92,72,822
1,12,87,70,892
1,13,92,77,969
1,14,96,78,1047
1,15,89,74,1121
1,16,95,74,1195
1,17,92,71,1266
1,18,94,77,1343
1,19,96,78,1421
1,20,92,68,1489
1,21,90,70,1559
1,22,98,72,1631
1,23,93,70,1701
1,24,92,68,1769
1,25,95,67,1836
1,26,91,73,1909
1,27,95,73,1982
1,28,94,74,2056
1,29,90,67,2123
1,30,90,72,2195
1,31,90,59,2254
1,32,96,74,2328
1,33,89,65,2393
1,34,89,58,2451
1,35,93,65,2516
1,36,92,69,2585
1,37,92,68,2653
1,38,87,64,2717
1,39,90,71,2788
1,40,85,62,2850
1,41,94,71,2921
1,42,96,68,2989
1,43,97,70,3059
1,44,93,72,3131
1,45,86,63,3194
1,46,91,69,3263
1,47,91,73,3336
1,48,99,70,3406
1,49,95,71,3477
1,50,90,64,3541
2,1,68,68,68
2,2,74,66,134
2,3,69,56,190
2,4,87,68,258
2,5,81,68,326
2,6,82,68,394
2,7,85,71,465
2,8,85,67,532
2,9,85,65,597
2,10,88,67,664
2,11,88,64,728
2,12,86,63,791
2,13,91,69,860
2,14,89,68,928
2,15,84,64,992
2,16,85,65,1057
2,17,94,69,1126
2,18,90,70,1196
2,19,91,67,1263
2,20,90,68,1331
2,21,92,72,1403
2,22,87,68,1471
2,23,91,70,1541
2,24,95,77,1618
2,25,92,67,1685
2,26,87,68,1753
2,27,85,67,1820
2,28,89,72,1892
2,29,92,71,1963
2,30,85,57,2020
2,31,90,63,2083
2,32,88,66,2149
2,33,90,69,2218
2,34,87,61,2279
2,35,86,65,2344
2,36,90,61,2405
2,37,88,66,2471
2,38,85,64,2535
2,39,88,64,2599
2,40,89,67,2666
2,41,91,68,2734
2,42,92,61,2795
2,43,93,70,2865
2,44,88,69,2934
2,45,91,64,2998
2,46,87,67,3065
2,47,95,76,3141
2,48,93,66,3207
2,49,95,67,3274
2,50,95,69,3343
3,1,67,67,67
3,2,73,66,133
3,3,86,79,212
3,4,78,61,273
3,5,79,65,338
3,6,81,64,402
3,7,82,72,474
3,8,81,62,536
3,9,92,78,614
3,10,91,73,687
3,11,85,60,747
3,12,85,65,812
3,13,80,58,870
3,14,79,64,934
3,15,82,66,1000
3,16,87,71,1071
3,17,89,70,1141
3,18,91,71,1212
3,19,91,75,1287
3,20,90,75,1362
3,21,85,73,1435
3,22,90,65,1500
3,23,92,68,1568
3,24,91,64,1632
3,25,85,61,1693
3,26,84,63,1756
3,27,92,73,1829
3,28,91,71,1900
3,29,83,61,1961
3,30,92,76,2037
3,31,85,64,2101
3,32,87,65,2166
3,33,91,63,2229
3,34,94,70,2299
3,35,78,52,2351
3,36,85,60,2411
3,37,91,62,2473
3,38,91,61,2534
3,39,87,62,2596
3,40,86,60,2656
3,41,94,68,2724
3,42,93,65,2789
3,43,90,61,2850
3,44,87,63,2913
3,45,81,57,2970
3,46,91,66,3036
3,47,89,58,3094
3,48,89,68,3162
3,49,88,66,3228
3,50,83,62,3290
4,1,85,85,85
4,2,87,84,169
4,3,80,66,235
4,4,86,70,305
4,5,89,70,375
4,6,79,65,440
4,7,85,65,505
4,8,91,71,576
4,9,84,66,642
4,10,89,74,716
4,11,85,67,783
4,12,84,64,847
4,13,85,65,912
4,14,90,63,975
4,15,95,75,1050
4,16,87,69,1119
4,17,89,69,1188
4,18,91,67,1255
4,19,88,67,1322
4,20,90,64,1386
4,21,83,61,1447
4,22,88,71,1518
4,23,89,70,1588
4,24,94,67,1655
4,25,91,62,1717
4,26,91,72,1789
4,27,92,65,1854
4,28,90,76,1930
4,29,94,72,2002
4,30,91,70,2072
4,31,90,65,2137
4,32,90,73,2210
4,33,92,71,2281
4,34,91,65,2346
4,35,92,67,2413
4,36,95,78,2491
4,37,93,67,2558
4,38,86,67,2625
4,39,91,66,2691
4,40,94,66,2757
4,41,95,77,2834
4,42,95,70,2904
4,43,93,77,2981
4,44,90,70,3051
4,45,85,61,3112
4,46,86,59,3171
4,47,94,70,3241
4,48,94,72,3313
4,49,87,58,3371
4,50,93,65,3436
5,1,85,85,85
5,2,87,83,168
5,3,85,72,240
5,4,83,74,314
5,5,91,71,385
5,6,86,67,452
5,7,92,76,528
5,8,80,66,594
5,9,91,71,665
5,10,91,70,735
5,11,92,74,809
5,12,89,73,882
5,13,88,69,951
5,14,90,69,1020
5,15,98,75,1095
5,16,93,76,1171
5,17,95,77,1248
5,18,88,63,1311
5,19,94,69,1380
5,20,94,69,1449
5,21,92,68,1517
5,22,93,70,1587
5,23,90,64,1651
5,24,84,63,1714
5,25,95,64,1778
5,26,91,63,1841
5,27,96,75,1916
5,28,92,72,1988
5,29,96,77,2065
5,30,93,67,2132
5,31,95,68,2200
5,32,91,66,2266
5,33,94,72,2338
5,34,92,71,2409
5,35,89,68,2477
5,36,92,73,2550
5,37,94,72,2622
5,38,89,61,2683
5,39,90,61,2744
5,40,88,65,2809
5,41,89,62,2871
5,42,90,68,2939
5,43,93,68,3007
5,44,89,67,3074
5,45,94,71,3145
5,46,89,72,3217
5,47,91,74,3291
5,48,92,70,3361
5,49,90,63,3424
5,50,95,71,3495
6,1,73,73,73
6,2,85,82,155
6,3,90,80,235
6,4,89,76,311
6,5,87,74,385
6,6,95,79,464
6,7,90,71,535
6,8,86,75,610
6,9,92,79,689
6,10,92,75,764
6,11,90,65,829
6,12,86,70,899
6,13,94,74,973
6,14,91,71,1044
6,15,88,66,1110
6,16,90,67,1177
6,17,86,68,1245
6,18,94,79,1324
6,19,91,77,1401
6,20,90,72,1473
6,21,90,73,1546
6,22,85,66,1612
6,23,88,73,1685
6,24,91,67,1752
6,25,93,74,1826
6,26,88,71,1897
6,27,89,65,1962
6,28,95,67,2029
6,29,94,78,2107
6,30,92,72,2179
6,31,92,67,2246
6,32,87,61,2307
6,33,90,68,2375
6,34,88,61,2436
6,35,91,67,2503
6,36,90,71,2574
6,37,89,64,2638
6,38,97,75,2713
6,39,90,65,2778
6,40,90,69,2847
6,41,85,69,2916
6,42,93,69,2985
6,43,93,70,3055
6,44,92,67,3122
6,45,91,68,3190
6,46,97,72,3262
6,47,95,70,3332
6,48,90,72,3404
6,49,93,72,3476
6,50,95,70,3546
7,1,89,89,89
7,2,85,80,169
7,3,89,80,249
7,4,90,77,326
7,5,88,75,401
7,6,92,76,477
7,7,93,76,553
7,8,89,72,625
7,9,94,81,706
7,10,89,72,778
7,11,95,84,862
7,12,92,77,939
7,13,90,71,1010
7,14,91,72,1082
7,15,93,69,1151
7,16,91,68,1219
7,17,89,68,1287
7,18,88,66,1353
7,19,86,70,1423
7,20,93,69,1492
7,21,95,74,1566
7,22,93,78,1644
7,23,89,74,1718
7,24,93,77,1795
7,25,91,68,1863
7,26,96,79,1942
7,27,95,73,2015
7,28,90,72,2087
7,29,87,58,2145
7,30,95,72,2217
7,31,89,71,2288
7,32,91,73,2361
7,33,90,72,2433
7,34,95,75,2508
7,35,93,75,2583
7,36,89,67,2650
7,37,91,74,2724
7,38,97,75,2799
7,39,94,78,2877
7,40,94,77,2954
7,41,97,76,3030
7,42,95,74,3104
7,43,93,76,3180
7,44,93,72,3252
7,45,96,74,3326
7,46,94,75,3401
7,47,94,72,3473
7,48,96,70,3543
7,49,93,69,3612
7,50,90,66,3678
8,1,88,88,88
8,2,79,72,160
8,3,87,79,239
8,4,87,74,313
8,5,93,76,389
8,6,85,64,453
8,7,89,71,524
8,8,84,64,588
8,9,90,68,656
8,10,89,60,716
8,11,96,74,790
8,12,93,75,865
8,13,87,63,928
8,14,89,66,994
8,15,86,67,1061
8,16,84,67,1128
8,17,88,65,1193
8,18,85,62,1255
8,19,91,65,1320
8,20,87,68,1388
8,21,93,70,1458
8,22,86,64,1522
8,23,91,70,1592
8,24,96,70,1662
8,25,91,72,1734
8,26,85,65,1799
8,27,90,68,1867
8,28,89,59,1926
8,29,90,67,1993
8,30,89,69,2062
8,31,93,64,2126
8,32,94,67,2193
8,33,97,69,2262
8,34,96,73,2335
8,35,89,61,2396
8,36,92,72,2468
8,37,94,69,2537
8,38,90,66,2603
8,39,91,70,2673
8,40,89,63,2736
8,41,89,69,2805
8,42,91,74,2879
8,43,92,65,2944
8,44,90,64,3008
8,45,92,70,3078
8,46,91,73,3151
8,47,93,70,3221
8,48,91,61,3282
8,49,92,68,3350
8,50,93,64,3414
9,1,86,86,86
9,2,83,78,164
9,3,90,81,245
9,4,88,75,320
9,5,88,66,386
9,6,85,67,453
9,7,86,69,522
9,8,89,74,596
9,9,84,64,660
9,10,89,61,721
9,11,91,74,795
9,12,93,69,864
9,13,89,68,932
9,14,84,61,993
9,15,92,76,1069
9,16,93,67,1136
9,17,91,67,1203
9,18,92,71,1274
9,19,95,73,1347
9,20,92,74,1421
9,21,87,64,1485
9,22,96,81,1566
9,23,94,67,1633
9,24,95,73,1706
9,25,89,68,1774
9,26,94,66,1840
9,27,95,70,1910
9,28,94,71,1981
9,29,90,72,2053
9,30,91,73,2126
9,31,94,67,2193
9,32,90,71,2264
9,33,90,68,2332
9,34,92,68,2400
9,35,91,74,2474
9,36,91,65,2539
9,37,89,70,2609
9,38,90,71,2680
9,39,96,71,2751
9,40,93,67,2818
9,41,84,68,2886
9,42,94,74,2960
9,43,96,75,3035
9,44,90,63,3098
9,45,86,57,3155
9,46,96,69,3224
9,47,93,75,3299
9,48,92,74,3373
9,49,94,70,3443
9,50,92,76,3519
10,1,83,83,83
10,2,85,82,165
10,3,87,79,244
10,4,94,84,328
10,5,94,85,413
10,6,89,77,490
10,7,88,70,560
10,8,91,77,637
10,9,91,76,713
10,10,87,68,781
10,11,93,75,856
10,12,89,79,935
10,13,88,66,1001
10,14,91,67,1068
10,15,88,79,1147
10,16,93,80,1227
10,17,88,65,1292
10,18,89,69,1361
10,19,90,69,1430
10,20,92,75,1505
10,21,91,65,1570
10,22,92,67,1637
10,23,89,69,1706
10,24,92,70,1776
10,25,94,83,1859
10,26,86,67,1926
10,27,93,74,2000
10,28,95,79,2079
10,29,92,76,2155
10,30,95,73,2228
10,31,95,75,2303
10,32,97,76,2379
10,33,92,59,2438
10,34,93,70,2508
10,35,96,75,2583
10,36,90,64,2647
10,37,91,75,2722
10,38,99,70,2792
10,39,95,72,2864
10,40,93,73,2937
10,41,90,72,3009
10,42,95,76,3085
10,43,90,66,3151
10,44,93,67,3218
10,45,91,67,3285
10,46,91,67,3352
10,47,100,78,3430
10,48,88,63,3493
10,49,89,68,3561
10,50,89,68,3629
11,1,80,80,80
11,2,81,69,149
11,3,93,81,230
11,4,76,67,297
11,5,87,71,368
11,6,86,66,434
11,7,89,77,511
11,8,85,60,571
11,9,90,73,644
11,10,87,70,714
11,11,88,79,793
11,12,87,70,863
11,13,91,67,930
11,14,87,73,1003
11,15,83,67,1070
11,16,91,66,1136
11,17,89,75,1211
11,18,85,65,1276
11,19,88,63,1339
11,20,88,66,1405
11,21,96,75,1480
11,22,94,74,1554
11,23,89,71,1625
11,24,99,76,1701
11,25,91,70,1771
11,26,95,73,1844
11,27,87,62,1906
11,28,89,58,1964
11,29,92,70,2034
11,30,95,82,2116
11,31,87,61,2177
11,32,93,69,2246
11,33,96,73,2319
11,34,91,63,2382
11,35,89,66,2448
11,36,90,73,2521
11,37,88,63,2584
11,38,91,65,2649
11,39,94,72,2721
11,40,91,65,2786
11,41,88,62,2848
11,42,93,72,2920
11,43,91,67,2987
11,44,88,70,3057
11,45,85,67,3124
11,46,92,70,3194
11,47,92,64,3258
11,48,97,71,3329
11,49,95,69,3398
11,50,96,68,3466
12,1,82,82,82
12,2,86,78,160
12,3,80,70,230
12,4,92,78,308
12,5,84,68,376
12,6,88,73,449
12,7,92,74,523
12,8,95,74,597
12,9,88,62,659
12,10,89,67,726
12,11,92,75,801
12,12,90,71,872
12,13,89,72,944
12,14,88,67,1011
12,15,84,57,1068
12,16,87,67,1135
12,17,87,67,1202
12,18,87,68,1270
12,19,93,74,1344
12,20,84,61,1405
12,21,92,66,1471
12,22,91,71,1542
12,23,88,69,1611
12,24,88,65,1676
12,25,88,63,1739
12,26,87,61,1800
12,27,93,65,1865
12,28,86,63,1928
12,29,88,63,1991
12,30,86,63,2054
12,31,89,68,2122
12,32,91,68,2190
12,33,92,69,2259
12,34,86,59,2318
12,35,86,64,2382
12,36,95,65,2447
12,37,86,62,2509
12,38,84,67,2576
12,39,87,63,2639
12,40,86,64,2703
12,41,93,73,2776
12,42,91,67,2843
12,43,91,67,2910
12,44,91,72,2982
12,45,94,70,3052
12,46,96,69,3121
12,47,90,65,3186
12,48,90,61,3247
12,49,92,66,3313
12,50,88,63,3376
13,1,73,73,73
13,2,76,65,138
13,3,78,65,203
13,4,82,66,269
13,5,81,60,329
13,6,83,68,397
13,7,84,67,464
13,8,84,75,539
13,9,82,67,606
13,10,90,74,680
13,11,91,65,745
13,12,80,53,798
13,13,88,69,867
13,14,91,75,942
13,15,81,57,999
13,16,92,71,1070
13,17,89,67,1137
13,18,89,73,1210
13,19,87,68,1278
13,20,90,63,1341
13,21,84,66,1407
13,22,86,59,1466
13,23,90,72,1538
13,24,88,64,1602
13,25,86,62,1664
13,26,92,70,1734
13,27,83,63,1797
13,28,91,65,1862
13,29,85,63,1925
13,30,87,69,1994
13,31,86,63,2057
13,32,89,63,2120
13,33,86,66,2186
13,34,94,70,2256
13,35,91,68,2324
13,36,88,62,2386
13,37,83,57,2443
13,38,88,64,2507
13,39,89,72,2579
13,40,88,60,2639
13,41,91,66,2705
13,42,80,55,2760
13,43,83,60,2820
13,44,82,56,2876
13,45,88,67,2943
13,46,91,65,3008
13,47,85,56,3064
13,48,94,73,3137
13,49,89,65,3202
13,50,83,55,3257
14,1,44,44,44
14,2,58,55,99
14,3,63,56,155
14,4,69,60,215
14,5,69,60,275
14,6,73,65,340
14,7,70,58,398
14,8,76,68,466
14,9,72,58,524
14,10,80,65,589
14,11,77,61,650
14,12,72,56,706
14,13,81,66,772
14,14,84,73,845
14,15,84,66,911
14,16,74,62,973
14,17,86,72,1045
14,18,78,62,1107
14,19,87,73,1180
14,20,81,68,1248
14,21,86,73,1321
14,22,85,68,1389
14,23,76,58,1447
14,24,78,64,1511
14,25,87,72,1583
14,26,85,72,1655
14,27,80,59,1714
14,28,86,66,1780
14,29,88,73,1853
14,30,87,67,1920
14,31,91,71,1991
14,32,81,58,2049
14,33,87,61,2110
14,34,87,60,2170
14,35,85,70,2240
14,36,87,59,2299
14,37,91,74,2373
14,38,90,67,2440
14,39,84,60,2500
14,40,90,61,2561
14,41,78,65,2626
14,42,76,60,2686
14,43,88,65,2751
14,44,90,70,2821
14,45,89,70,2891
14,46,86,66,2957
14,47,90,71,3028
14,48,90,69,3097
14,49,91,70,3167
14,50,84,61,3228
15,1,45,45,45
15,2,59,49,94
15,3,65,58,152
15,4,63,50,202
15,5,74,63,265
15,6,70,59,324
15,7,74,62,386
15,8,78,68,454
15,9,85,65,519
15,10,76,55,574
15,11,74,61,635
15,12,75,55,690
15,13,82,68,758
15,14,79,64,822
15,15,83,62,884
15,16,81,62,946
15,17,83,64,1010
15,18,83,66,1076
15,19,78,59,1135
15,20,81,59,1194
15,21,84,64,1258
15,22,88,68,1326
15,23,83,63,1389
15,24,88,70,1459
15,25,89,71,1530
15,26,83,71,1601
15,27,76,62,1663
15,28,80,62,1725
15,29,81,55,1780
15,30,79,64,1844
15,31,89,65,1909
15,32,83,59,1968
15,33,84,66,2034
15,34,82,64,2098
15,35,84,61,2159
15,36,84,61,2220
15,37,84,66,2286
15,38,85,58,2344
15,39,84,60,2404
15,40,84,61,2465
15,41,78,60,2525
15,42,83,60,2585
15,43,86,62,2647
15,44,92,70,2717
15,45,89,67,2784
15,46,76,61,2845
15,47,94,66,2911
15,48,86,66,2977
15,49,89,71,3048
15,50,85,61,3109
16,1,47,47,47
16,2,64,58,105
16,3,60,50,155
16,4,61,52,207
16,5,72,55,262
16,6,70,56,318
16,7,85,72,390
16,8,78,63,453
16,9,85,65,518
16,10,81,63,581
16,11,90,73,654
16,12,78,63,717
16,13,92,74,791
16,14,79,60,851
16,15,83,59,910
16,16,84,65,975
16,17,82,61,1036
16,18,83,66,1102
16,19,80,59,1161
16,20,87,68,1229
16,21,89,70,1299
16,22,83,61,1360
16,23,80,55,1415
16,24,77,62,1477
16,25,86,68,1545
16,26,83,64,1609
16,27,83,59,1668
16,28,91,70,1738
16,29,87,68,1806
16,30,87,66,1872
16,31,89,72,1944
16,32,89,65,2009
16,33,84,59,2068
16,34,87,69,2137
16,35,82,61,2198
16,36,88,71,2269
16,37,88,69,2338
16,38,92,65,2403
16,39,87,61,2464
16,40,82,64,2528
16,41,91,65,2593
16,42,94,68,2661
16,43,84,59,2720
16,44,86,61,2781
16,45,82,63,2844
16,46,89,66,2910
16,47,84,57,2967
16,48,93,69,3036
16,49,91,66,3102
16,50,85,61,3163
17,1,57,57,57
17,2,69,61,118
17,3,75,68,186
17,4,79,61,247
17,5,78,66,313
17,6,75,60,373
17,7,85,59,432
17,8,81,62,494
17,9,86,68,562
17,10,76,58,620
17,11,87,66,686
17,12,85,59,745
17,13,82,58,803
17,14,88,62,865
17,15,82,58,923
17,16,92,74,997
17,17,85,58,1055
17,18,89,73,1128
17,19,86,69,1197
17,20,88,59,1256
17,21,88,66,1322
17,22,85,58,1380
17,23,87,69,1449
17,24,88,65,1514
17,25,91,66,1580
17,26,89,67,1647
17,27,85,59,1706
17,28,89,58,1764
17,29,89,60,1824
17,30,89,64,1888
17,31,83,61,1949
17,32,89,65,2014
17,33,89,62,2076
17,34,82,57,2133
17,35,83,64,2197
17,36,82,60,2257
17,37,89,54,2311
17,38,76,50,2361
17,39,83,65,2426
17,40,89,76,2502
17,41,86,58,2560
17,42,83,59,2619
17,43,89,59,2678
17,44,94,60,2738
17,45,80,58,2796
17,46,93,67,2863
17,47,84,52,2915
17,48,92,64,2979
17,49,86,62,3041
17,50,83,53,3094
18,1,75,75,75
18,2,71,63,138
18,3,82,70,208
18,4,87,76,284
18,5,83,64,348
18,6,83,70,418
18,7,87,60,478
18,8,88,71,549
18,9,82,68,617
18,10,87,69,686
18,11,88,69,755
18,12,91,68,823
18,13,84,63,886
18,14,84,62,948
18,15,90,69,1017
18,16,86,68,1085
18,17,89,66,1151
18,18,98,82,1233
18,19,94,71,1304
18,20,88,67,1371
18,21,86,67,1438
18,22,90,70,1508
18,23,90,66,1574
18,24,90,63,1637
18,25,86,65,1702
18,26,91,69,1771
18,27,97,72,1843
18,28,90,68,1911
18,29,90,69,1980
18,30,92,78,2058
18,31,94,69,2127
18,32,90,60,2187
18,33,88,70,2257
18,34,93,65,2322
18,35,95,76,2398
18,36,95,78,2476
18,37,92,78,2554
18,38,87,63,2617
18,39,92,70,2687
18,40,95,70,2757
18,41,87,65,2822
18,42,96,80,2902
18,43,88,68,2970
18,44,92,63,3033
18,45,89,67,3100
18,46,93,68,3168
18,47,91,72,3240
18,48,90,66,3306
18,49,93,58,3364
18,50,89,61,3425
19,1,79,79,79
19,2,78,73,152
19,3,87,74,226
19,4,85,67,293
19,5,82,73,366
19,6,81,68,434
19,7,85,65,499
19,8,94,80,579
19,9,87,71,650
19,10,84,66,716
19,11,90,70,786
19,12,84,62,848
19,13,86,65,913
19,14,91,68,981
19,15,87,67,1048
19,16,89,68,1116
19,17,86,65,1181
19,18,89,71,1252
19,19,88,62,1314
19,20,86,60,1374
19,21,87,67,1441
19,22,91,66,1507
19,23,89,64,1571
19,24,84,64,1635
19,25,87,61,1696
19,26,84,61,1757
19,27,86,63,1820
19,28,90,65,1885
19,29,91,68,1953
19,30,95,71,2024
19,31,93,64,2088
19,32,84,61,2149
19,33,88,57,2206
19,34,87,65,2271
19,35,88,70,2341
19,36,83,66,2407
19,37,89,65,2472
19,38,87,67,2539
19,39,81,59,2598
19,40,86,59,2657
19,41,88,63,2720
19,42,88,64,2784
19,43,88,68,2852
19,44,89,59,2911
19,45,94,70,2981
19,46,93,71,3052
19,47,84,55,3107
19,48,90,72,3179
19,49,82,59,3238
19,50,80,61,3299
20,1,68,68,68
20,2,74,66,134
20,3,75,68,202
20,4,82,68,270
20,5,82,67,337
20,6,86,72,409
20,7,85,68,477
20,8,83,59,536
20,9,82,65,601
20,10,85,69,670
20,11,82,66,736
20,12,94,66,802
20,13,92,76,878
20,14,84,61,939
20,15,93,70,1009
20,16,83,62,1071
20,17,83,66,1137
20,18,86,64,1201
20,19,88,63,1264
20,20,95,68,1332
20,21,88,64,1396
20,22,85,65,1461
20,23,88,67,1528
20,24,87,64,1592
20,25,89,65,1657
20,26,83,67,1724
20,27,85,55,1779
20,28,84,62,1841
20,29,88,64,1905
20,30,87,63,1968
20,31,91,69,2037
20,32,87,68,2105
20,33,88,65,2170
20,34,92,68,2238
20,35,94,71,2309
20,36,90,61,2370
20,37,91,71,2441
20,38,92,71,2512
20,39,84,64,2576
20,40,91,66,2642
20,41,92,62,2704
20,42,84,55,2759
20,43,95,73,2832
20,44,85,61,2893
20,45,84,60,2953
20,46,90,69,3022
20,47,89,66,3088
20,48,89,64,3152
20,49,91,67,3219
20,50,91,65,3284
21,1,78,78,78
21,2,79,74,152
21,3,79,67,219
21,4,73,58,277
21,5,81,64,341
21,6,81,64,405
21,7,89,71,476
21,8,83,62,538
21,9,85,72,610
21,10,90,62,672
21,11,90,71,743
21,12,89,73,816
21,13,90,66,882
21,14,83,66,948
21,15,85,68,1016
21,16,82,60,1076
21,17,88,57,1133
21,18,90,70,1203
21,19,87,65,1268
21,20,87,58,1326
21,21,86,61,1387
21,22,92,73,1460
21,23,90,73,1533
21,24,85,61,1594
21,25,81,61,1655
21,26,87,59,1714
21,27,90,68,1782
21,28,93,65,1847
21,29,88,70,1917
21,30,90,72,1989
21,31,89,70,2059
21,32,87,62,2121
21,33,87,59,2180
21,34,88,71,2251
21,35,89,64,2315
21,36,87,66,2381
21,37,88,58,2439
21,38,86,67,2506
21,39,86,72,2578
21,40,86,64,2642
21,41,89,69,2711
21,42,84,65,2776
21,43,91,69,2845
21,44,89,65,2910
21,45,95,74,2984
21,46,86,64,3048
21,47,88,58,3106
21,48,88,59,3165
21,49,91,62,3227
21,50,86,66,3293
22,1,64,64,64
22,2,68,63,127
22,3,81,72,199
22,4,79,69,268
22,5,81,67,335
22,6,77,64,399
22,7,83,71,470
22,8,90,69,539
22,9,84,69,608
22,10,85,68,676
22,11,88,71,747
22,12,88,73,820
22,13,89,67,887
22,14,87,61,948
22,15,86,71,1019
22,16,87,68,1087
22,17,89,69,1156
22,18,89,68,1224
22,19,92,71,1295
22,20,91,62,1357
22,21,87,71,1428
22,22,92,71,1499
22,23,86,66,1565
22,24,86,67,1632
22,25,85,62,1694
22,26,88,63,1757
22,27,93,70,1827
22,28,92,69,1896
22,29,94,73,1969
22,30,83,65,2034
22,31,86,66,2100
22,32,91,72,2172
22,33,88,53,2225
22,34,93,71,2296
22,35,88,66,2362
22,36,89,68,2430
22,37,85,61,2491
22,38,88,70,2561
22,39,90,68,2629
22,40,93,65,2694
22,41,87,66,2760
22,42,91,59,2819
22,43,95,63,2882
22,44,91,71,2953
22,45,91,64,3017
22,46,88,64,3081
22,47,92,69,3150
22,48,86,62,3212
22,49,87,61,3273
22,50,91,62,3335
23,1,53,53,53
23,2,57,51,104
23,3,75,68,172
23,4,71,62,234
23,5,72,55,289
23,6,75,61,350
23,7,90,72,422
23,8,81,63,485
23,9,89,75,560
23,10,79,53,613
23,11,88,72,685
23,12,82,63,748
23,13,82,62,810
23,14,87,66,876
23,15,86,66,942
23,16,84,62,1004
23,17,79,62,1066
23,18,88,71,1137
23,19,90,66,1203
23,20,92,71,1274
23,21,90,69,1343
23,22,90,70,1413
23,23,89,70,1483
23,24,91,73,1556
23,25,86,62,1618
23,26,85,65,1683
23,27,83,62,1745
23,28,86,62,1807
23,29,86,63,1870
23,30,87,55,1925
23,31,87,68,1993
23,32,86,56,2049
23,33,92,64,2113
23,34,90,63,2176
23,35,91,64,2240
23,36,84,56,2296
23,37,92,69,2365
23,38,88,61,2426
23,39,93,63,2489
23,40,86,62,2551
23,41,88,67,2618
23,42,93,60,2678
23,43,94,80,2758
23,44,88,64,2822
23,45,96,64,2886
23,46,93,70,2956
23,47,92,68,3024
23,48,88,61,3085
23,49,82,61,3146
23,50,87,62,3208
24,1,56,56,56
24,2,67,61,117
24,3,68,61,178
24,4,76,65,243
24,5,69,51,294
24,6,77,65,359
24,7,75,55,414
24,8,79,60,474
24,9,74,50,524
24,10,80,59,583
24,11,82,56,639
24,12,86,55,694
24,13,87,68,762
24,14,86,62,824
24,15,86,66,890
24,16,84,65,955
24,17,85,59,1014
24,18,84,57,1071
24,19,83,57,1128
24,20,77,55,1183
24,21,76,59,1242
24,22,86,66,1308
24,23,90,66,1374
24,24,86,59,1433
24,25,86,69,1502
24,26,88,61,1563
24,27,84,60,1623
24,28,91,74,1697
24,29,84,61,1758
24,30,87,59,1817
24,31,86,61,1878
24,32,85,58,1936
24,33,82,53,1989
24,34,84,64,2053
24,35,95,64,2117
24,36,93,72,2189
24,37,85,51,2240
24,38,91,64,2304
24,39,80,57,2361
24,40,86,58,2419
24,41,87,57,2476
24,42,89,62,2538
24,43,95,72,2610
24,44,92,62,2672
24,45,88,66,2738
24,46,86,49,2787
24,47,96,64,2851
24,48,85,53,2904
24,49,96,70,2974
24,50,89,56,3030
25,1,68,68,68
25,2,66,53,121
25,3,71,58,179
25,4,72,58,237
25,5,65,46,283
25,6,71,50,333
25,7,66,50,383
25,8,73,52,435
25,9,72,49,484
25,10,76,54,538
25,11,82,54,592
25,12,75,50,642
25,13,83,58,700
25,14,81,44,744
25,15,83,53,797
25,16,80,50,847
25,17,77,56,903
25,18,78,54,957
25,19,82,53,1010
25,20,75,51,1061
25,21,85,54,1115
25,22,78,56,1171
25,23,78,49,1220
25,24,80,53,1273
25,25,81,54,1327
25,26,77,49,1376
25,27,76,53,1429
25,28,87,64,1493
25,29,82,56,1549
25,30,80,53,1602
25,31,84,52,1654
25,32,80,49,1703
25,33,80,44,1747
25,34,75,53,1800
25,35,82,57,1857
25,36,75,44,1901
25,37,87,54,1955
25,38,79,58,2013
25,39,82,49,2062
25,40,84,61,2123
25,41,82,61,2184
25,42,79,45,2229
25,43,82,49,2278
25,44,76,52,2330
25,45,82,47,2377
25,46,87,62,2439
25,47,81,54,2493
25,48,83,61,2554
25,49,90,64,2618
25,50,82,52,2670
26,1,63,63,63
26,2,72,65,128
26,3,76,67,195
26,4,79,64,259
26,5,73,60,319
26,6,71,59,378
26,7,77,56,434
26,8,83,63,497
26,9,76,57,554
26,10,79,57,611
26,11,77,57,668
26,12,87,61,729
26,13,77,55,784
26,14,71,50,834
26,15,77,52,886
26,16,83,64,950
26,17,82,55,1005
26,18,80,59,1064
26,19,91,62,1126
26,20,87,64,1190
26,21,85,56,1246
26,22,79,53,1299
26,23,85,62,1361
26,24,84,54,1415
26,25,89,64,1479
26,26,85,56,1535
26,27,81,52,1587
26,28,87,55,1642
26,29,85,63,1705
26,30,85,59,1764
26,31,85,56,1820
26,32,79,57,1877
26,33,85,58,1935
26,34,87,64,1999
26,35,86,60,2059
26,36,81,52,2111
26,37,88,62,2173
26,38,87,56,2229
26,39,86,56,2285
26,40,85,64,2349
26,41,95,66,2415
26,42,82,48,2463
26,43,85,59,2522
26,44,83,54,2576
26,45,83,53,2629
26,46,82,51,2680
26,47,83,52,2732
26,48,83,62,2794
26,49,82,54,2848
26,50,87,50,2898
27,1,63,63,63
27,2,75,68,131
27,3,76,62,193
27,4,77,64,257
27,5,80,65,322
27,6,82,68,390
27,7,84,69,459
27,8,76,59,518
27,9,88,64,582
27,10,82,60,642
27,11,87,65,707
27,12,90,69,776
27,13,86,67,843
27,14,84,61,904
27,15,84,57,961
27,16,88,71,1032
27,17,88,63,1095
27,18,85,67,1162
27,19,86,67,1229
27,20,85,65,1294
27,21,82,62,1356
27,22,87,63,1419
27,23,89,65,1484
27,24,89,66,1550
27,25,89,62,1612
27,26,86,70,1682
27,27,86,69,1751
27,28,87,65,1816
27,29,83,63,1879
27,30,85,60,1939
27,31,88,64,2003
27,32,85,70,2073
27,33,87,60,2133
27,34,89,55,2188
27,35,89,61,2249
27,36,88,63,2312
27,37,85,60,2372
27,38,93,71,2443
27,39,90,62,2505
27,40,87,67,2572
27,41,90,64,2636
27,42,96,66,2702
27,43,84,57,2759
27,44,89,60,2819
27,45,94,71,2890
27,46,90,67,2957
27,47,91,60,3017
27,48,88,63,3080
27,49,89,61,3141
27,50,92,60,3201
28,1,48,48,48
28,2,55,50,98
28,3,63,55,153
28,4,78,58,211
28,5,76,59,270
28,6,71,54,324
28,7,77,59,383
28,8,85,63,446
28,9,76,56,502
28,10,90,70,572
28,11,85,60,632
28,12,78,57,689
28,13,78,58,747
28,14,77,55,802
28,15,83,65,867
28,16,81,55,922
28,17,72,47,969
28,18,86,60,1029
28,19,78,51,1080
28,20,78,56,1136
28,21,75,48,1184
28,22,87,60,1244
28,23,88,67,1311
28,24,85,64,1375
28,25,81,60,1435
28,26,82,57,1492
28,27,82,64,1556
28,28,87,63,1619
28,29,86,56,1675
28,30,88,53,1728
28,31,82,62,1790
28,32,85,63,1853
28,33,81,55,1908
28,34,78,55,1963
28,35,89,63,2026
28,36,81,45,2071
28,37,85,57,2128
28,38,93,60,2188
28,39,91,66,2254
28,40,83,55,2309
28,41,83,54,2363
28,42,84,53,2416
28,43,88,58,2474
28,44,85,52,2526
28,45,89,59,2585
28,46,87,60,2645
28,47,88,63,2708
28,48,86,57,2765
28,49,86,57,2822
28,50,83,57,2879
29,1,54,54,54
29,2,69,63,117
29,3,70,58,175
29,4,69,56,231
29,5,74,58,289
29,6,81,63,352
29,7,84,64,416
29,8,88,63,479
29,9,81,59,538
29,10,73,56,594
29,11,77,55,649
29,12,79,62,711
29,13,81,65,776
29,14,76,52,828
29,15,88,71,899
29,16,84,59,958
29,17,81,60,1018
29,18,88,66,1084
29,19,88,64,1148
29,20,86,63,1211
29,21,89,59,1270
29,22,84,60,1330
29,23,90,62,1392
29,24,85,61,1453
29,25,84,67,1520
29,26,85,59,1579
29,27,90,64,1643
29,28,83,54,1697
29,29,88,67,1764
29,30,89,59,1823
29,31,90,66,1889
29,32,88,60,1949
29,33,91,70,2019
29,34,93,65,2084
29,35,83,60,2144
29,36,89,62,2206
29,37,94,69,2275
29,38,96,67,2342
29,39,94,69,2411
29,40,88,64,2475
29,41,89,58,2533
29,42,82,58,2591
29,43,92,65,2656
29,44,88,51,2707
29,45,86,60,2767
29,46,88,60,2827
29,47,89,64,2891
29,48,89,61,2952
29,49,91,71,3023
29,50,93,69,3092
30,1,49,49,49
30,2,71,65,114
30,3,73,62,176
30,4,73,57,233
30,5,78,68,301
30,6,71,57,358
30,7,86,64,422
30,8,78,56,478
30,9,84,58,536
30,10,88,68,604
30,11,84,60,664
30,12,81,63,727
30,13,87,66,793
30,14,83,63,856
30,15,88,67,923
30,16,86,61,984
30,17,87,68,1052
30,18,84,60,1112
30,19,88,62,1174
30,20,89,73,1247
30,21,84,59,1306
30,22,87,69,1375
30,23,88,64,1439
30,24,88,68,1507
30,25,86,60,1567
30,26,91,69,1636
30,27,81,65,1701
30,28,93,69,1770
30,29,89,64,1834
30,30,87,66,1900
30,31,79,61,1961
30,32,84,58,2019
30,33,90,64,2083
30,34,82,53,2136
30,35,90,67,2203
30,36,89,66,2269
30,37,86,57,2326
30,38,80,60,2386
30,39,90,65,2451
30,40,86,64,2515
30,41,90,65,2580
30,42,97,70,2650
30,43,84,66,2716
30,44,90,68,2784
30,45,92,73,2857
30,46,87,63,2920
30,47,84,62,2982
30,48,90,69,3051
30,49,87,66,3117
30,50,88,67,3184
31,1,48,48,48
31,2,51,46,94
31,3,60,50,144
31,4,73,55,199
31,5,66,45,244
31,6,69,55,299
31,7,76,56,355
31,8,78,51,406
31,9,79,60,466
31,10,86,62,528
31,11,75,62,590
31,12,80,57,647
31,13,87,59,706
31,14,79,58,764
31,15,79,59,823
31,16,84,62,885
31,17,87,63,948
31,18,86,66,1014
31,19,85,58,1072
31,20,83,54,1126
31,21,83,63,1189
31,22,91,66,1255
31,23,85,55,1310
31,24,84,54,1364
31,25,89,66,1430
31,26,83,53,1483
31,27,86,56,1539
31,28,88,62,1601
31,29,83,53,1654
31,30,87,64,1718
31,31,81,52,1770
31,32,84,62,1832
31,33,91,60,1892
31,34,90,60,1952
31,35,87,62,2014
31,36,90,58,2072
31,37,88,61,2133
31,38,87,64,2197
31,39,90,64,2261
31,40,90,58,2319
31,41,84,58,2377
31,42,84,56,2433
31,43,87,59,2492
31,44,94,67,2559
31,45,90,56,2615
31,46,85,60,2675
31,47,91,52,2727
31,48,93,65,2792
31,49,90,65,2857
31,50,90,62,2919
32,1,63,63,63
32,2,71,61,124
32,3,78,69,193
32,4,82,63,256
32,5,86,73,329
32,6,80,61,390
32,7,77,61,451
32,8,82,62,513
32,9,80,66,579
32,10,83,64,643
32,11,87,66,709
32,12,89,64,773
32,13,89,67,840
32,14,88,65,905
32,15,84,59,964
32,16,86,63,1027
32,17,80,52,1079
32,18,85,56,1135
32,19,85,70,1205
32,20,90,70,1275
32,21,84,59,1334
32,22,77,49,1383
32,23,83,53,1436
32,24,89,66,1502
32,25,91,62,1564
32,26,87,62,1626
32,27,88,60,1686
32,28,83,66,1752
32,29,83,55,1807
32,30,87,62,1869
32,31,87,66,1935
32,32,85,57,1992
32,33,93,61,2053
32,34,91,68,2121
32,35,89,67,2188
32,36,82,57,2245
32,37,93,65,2310
32,38,83,57,2367
32,39,86,60,2427
32,40,86,61,2488
32,41,83,61,2549
32,42,86,64,2613
32,43,88,51,2664
32,44,89,69,2733
32,45,82,61,2794
32,46,90,59,2853
32,47,89,66,2919
32,48,90,60,2979
32,49,89,69,3048
32,50,86,58,3106
33,1,75,75,75
33,2,77,70,145
33,3,75,67,212
33,4,84,71,283
33,5,89,77,360
33,6,87,70,430
33,7,88,75,505
33,8,89,71,576
33,9,90,65,641
33,10,89,72,713
33,11,87,69,782
33,12,89,66,848
33,13,82,62,910
33,14,95,73,983
33,15,91,67,1050
33,16,89,67,1117
33,17,91,69,1186
33,18,89,63,1249
33,19,88,62,1311
33,20,87,64,1375
33,21,86,61,1436
33,22,90,65,1501
33,23,79,60,1561
33,24,82,65,1626
33,25,86,65,1691
33,26,90,61,1752
33,27,89,64,1816
33,28,86,62,1878
33,29,94,70,1948
33,30,83,59,2007
33,31,91,70,2077
33,32,84,56,2133
33,33,91,64,2197
33,34,93,70,2267
33,35,93,67,2334
33,36,91,67,2401
33,37,91,71,2472
33,38,94,65,2537
33,39,91,71,2608
33,40,91,69,2677
33,41,83,54,2731
33,42,88,61,2792
33,43,84,55,2847
33,44,93,71,2918
33,45,90,68,2986
33,46,95,76,3062
33,47,90,63,3125
33,48,89,74,3199
33,49,79,54,3253
33,50,87,63,3316
34,1,68,68,68
34,2,83,75,143
34,3,78,70,213
34,4,85,65,278
34,5,83,66,344
34,6,88,70,414
34,7,78,58,472
34,8,93,79,551
34,9,86,63,614
34,10,82,62,676
34,11,91,67,743
34,12,92,71,814
34,13,82,62,876
34,14,86,66,942
34,15,88,69,1011
34,16,85,65,1076
34,17,90,65,1141
34,18,91,66,1207
34,19,88,65,1272
34,20,86,56,1328
34,21,88,69,1397
34,22,93,67,1464
34,23,90,68,1532
34,24,90,68,1600
34,25,86,71,1671
34,26,83,52,1723
34,27,85,55,1778
34,28,84,61,1839
34,29,93,68,1907
34,30,86,62,1969
34,31,82,56,2025
34,32,94,71,2096
34,33,92,74,2170
34,34,92,72,2242
34,35,92,69,2311
34,36,89,62,2373
34,37,88,64,2437
34,38,94,60,2497
34,39,82,57,2554
34,40,81,59,2613
34,41,93,67,2680
34,42,92,65,2745
34,43,89,65,2810
34,44,87,51,2861
34,45,90,65,2926
34,46,90,67,2993
34,47,90,60,3053
34,48,87,62,3115
34,49,90,66,3181
34,50,93,59,3240
35,1,69,69,69
35,2,79,77,146
35,3,79,70,216
35,4,83,67,283
35,5,87,73,356
35,6,87,77,433
35,7,81,65,498
35,8,86,65,563
35,9,84,63,626
35,10,89,77,703
35,11,86,67,770
35,12,84,70,840
35,13,88,65,905
35,14,89,69,974
35,15,87,73,1047
35,16,85,66,1113
35,17,89,58,1171
35,18,86,57,1228
35,19,90,62,1290
35,20,87,67,1357
35,21,86,61,1418
35,22,88,69,1487
35,23,91,71,1558
35,24,86,59,1617
35,25,89,61,1678
35,26,83,65,1743
35,27,93,69,1812
35,28,87,64,1876
35,29,92,70,1946
35,30,87,67,2013
35,31,92,66,2079
35,32,96,72,2151
35,33,89,59,2210
35,34,88,63,2273
35,35,90,61,2334
35,36,87,68,2402
35,37,87,62,2464
35,38,80,62,2526
35,39,89,65,2591
35,40,86,63,2654
35,41,91,68,2722
35,42,95,73,2795
35,43,98,69,2864
35,44,89,57,2921
35,45,91,57,2978
35,46,86,62,3040
35,47,94,71,3111
35,48,92,64,3175
35,49,90,60,3235
35,50,91,65,3300
36,1,69,69,69
36,2,70,62,131
36,3,75,61,192
36,4,77,68,260
36,5,83,70,330
36,6,86,75,405
36,7,80,59,464
36,8,84,65,529
36,9,79,59,588
36,10,83,61,649
36,11,81,68,717
36,12,87,69,786
36,13,85,69,855
36,14,87,72,927
36,15,85,64,991
36,16,91,71,1062
36,17,91,67,1129
36,18,85,60,1189
36,19,83,60,1249
36,20,90,66,1315
36,21,89,65,1380
36,22,93,74,1454
36,23,88,70,1524
36,24,87,62,1586
36,25,91,74,1660
36,26,88,61,1721
36,27,84,61,1782
36,28,85,63,1845
36,29,88,69,1914
36,30,88,60,1974
36,31,91,65,2039
36,32,85,60,2099
36,33,85,63,2162
36,34,81,59,2221
36,35,89,63,2284
36,36,89,67,2351
36,37,89,60,2411
36,38,85,65,2476
36,39,91,69,2545
36,40,90,64,2609
36,41,87,61,2670
36,42,92,66,2736
36,43,89,63,2799
36,44,88,63,2862
36,45,89,66,2928
36,46,86,60,2988
36,47,91,62,3050
36,48,88,68,3118
36,49,94,59,3177
36,50,85,63,3240
37,1,88,88,88
37,2,81,75,163
37,3,84,79,242
37,4,83,70,312
37,5,85,73,385
37,6,85,76,461
37,7,89,72,533
37,8,84,70,603
37,9,85,69,672
37,10,92,70,742
37,11,87,68,810
37,12,86,68,878
37,13,84,68,946
37,14,87,67,1013
37,15,92,69,1082
37,16,88,69,1151
37,17,86,69,1220
37,18,86,64,1284
37,19,87,59,1343
37,20,91,71,1414
37,21,78,61,1475
37,22,90,64,1539
37,23,85,71,1610
37,24,89,69,1679
37,25,88,63,1742
37,26,90,67,1809
37,27,83,58,1867
37,28,95,76,1943
37,29,89,69,2012
37,30,84,59,2071
37,31,92,74,2145
37,32,92,78,2223
37,33,88,67,2290
37,34,87,65,2355
37,35,92,72,2427
37,36,92,69,2496
37,37,91,69,2565
37,38,88,61,2626
37,39,84,65,2691
37,40,86,64,2755
37,41,87,58,2813
37,42,89,67,2880
37,43,89,59,2939
37,44,93,63,3002
37,45,92,69,3071
37,46,89,67,3138
37,47,92,70,3208
37,48,84,67,3275
37,49,91,75,3350
37,50,92,75,3425
38,1,55,55,55
38,2,68,63,118
38,3,79,71,189
38,4,88,79,268
38,5,77,67,335
38,6,79,59,394
38,7,81,64,458
38,8,77,56,514
38,9,83,63,577
38,10,83,62,639
38,11,88,68,707
38,12,83,65,772
38,13,86,67,839
38,14,90,69,908
38,15,87,56,964
38,16,81,52,1016
38,17,84,63,1079
38,18,82,68,1147
38,19,84,60,1207
38,20,87,64,1271
38,21,82,59,1330
38,22,89,64,1394
38,23,86,65,1459
38,24,87,60,1519
38,25,94,69,1588
38,26,90,61,1649
38,27,89,69,1718
38,28,88,65,1783
38,29,88,69,1852
38,30,87,61,1913
38,31,81,59,1972
38,32,81,59,2031
38,33,89,66,2097
38,34,87,65,2162
38,35,94,66,2228
38,36,91,73,2301
38,37,87,58,2359
38,38,87,61,2420
38,39,84,67,2487
38,40,91,67,2554
38,41,86,61,2615
38,42,88,64,2679
38,43,95,71,2750
38,44,92,63,2813
38,45,87,62,2875
38,46,89,61,2936
38,47,90,58,2994
38,48,87,60,3054
38,49,89,60,3114
38,50,91,70,3184
39,1,70,70,70
39,2,75,68,138
39,3,86,73,211
39,4,78,61,272
39,5,74,59,331
39,6,76,60,391
39,7,81,67,458
39,8,83,62,520
39,9,85,66,586
39,10,86,66,652
39,11,82,62,714
39,12,82,62,776
39,13,82,65,841
39,14,89,66,907
39,15,91,65,972
39,16,88,66,1038
39,17,85,63,1101
39,18,89,68,1169
39,19,86,67,1236
39,20,81,55,1291
39,21,85,59,1350
39,22,80,56,1406
39,23,87,64,1470
39,24,88,70,1540
39,25,85,61,1601
39,26,88,67,1668
39,27,88,65,1733
39,28,91,66,1799
39,29,93,63,1862
39,30,87,67,1929
39,31,87,64,1993
39,32,86,65,2058
39,33,87,58,2116
39,34,88,61,2177
39,35,88,59,2236
39,36,91,66,2302
39,37,87,63,2365
39,38,86,51,2416
39,39,89,59,2475
39,40,89,55,2530
39,41,91,66,2596
39,42,87,59,2655
39,43,89,65,2720
39,44,89,64,2784
39,45,87,64,2848
39,46,92,61,2909
39,47,89,65,2974
39,48,88,58,3032
39,49,82,59,3091
39,50,97,67,3158
40,1,65,65,65
40,2,75,70,135
40,3,65,56,191
40,4,78,62,253
40,5,77,55,308
40,6,78,58,366
40,7,84,66,432
40,8,75,56,488
40,9,76,55,543
40,10,80,59,602
40,11,75,56,658
40,12,79,60,718
40,13,81,69,787
40,14,84,59,846
40,15,86,66,912
40,16,77,59,971
40,17,84,65,1036
40,18,81,61,1097
40,19,79,66,1163
40,20,85,67,1230
40,21,84,65,1295
40,22,83,58,1353
40,23,83,60,1413
40,24,85,65,1478
40,25,82,61,1539
40,26,84,50,1589
40,27,81,62,1651
40,28,83,61,1712
40,29,82,62,1774
40,30,84,63,1837
40,31,87,63,1900
40,32,79,65,1965
40,33,90,72,2037
40,34,84,57,2094
40,35,84,58,2152
40,36,86,62,2214
40,37,84,63,2277
40,38,84,61,2338
40,39,83,59,2397
40,40,86,65,2462
40,41,87,61,2523
40,42,78,56,2579
40,43,97,69,2648
40,44,87,59,2707
40,45,84,52,2759
40,46,83,56,2815
40,47,83,63,2878
40,48,87,55,2933
40,49,87,57,2990
40,50,82,55,3045
41,1,59,59,59
41,2,67,59,118
41,3,71,58,176
41,4,74,65,241
41,5,73,58,299
41,6,65,51,350
41,7,75,56,406
41,8,83,63,469
41,9,72,51,520
41,10,78,54,574
41,11,78,60,634
41,12,85,56,690
41,13,76,55,745
41,14,86,67,812
41,15,79,50,862
41,16,84,63,925
41,17,84,65,990
41,18,84,64,1054
41,19,85,70,1124
41,20,89,62,1186
41,21,89,59,1245
41,22,92,62,1307
41,23,89,66,1373
41,24,86,63,1436
41,25,79,58,1494
41,26,81,59,1553
41,27,80,51,1604
41,28,84,56,1660
41,29,87,68,1728
41,30,80,55,1783
41,31,88,62,1845
41,32,86,60,1905
41,33,83,61,1966
41,34,85,61,2027
41,35,94,77,2104
41,36,86,60,2164
41,37,89,72,2236
41,38,84,55,2291
41,39,80,51,2342
41,40,88,56,2398
41,41,84,58,2456
41,42,89,59,2515
41,43,89,64,2579
41,44,88,60,2639
41,45,82,55,2694
41,46,85,57,2751
41,47,85,54,2805
41,48,80,51,2856
41,49,81,58,2914
41,50,86,57,2971
42,1,62,62,62
42,2,78,71,133
42,3,74,62,195
42,4,85,69,264
42,5,78,65,329
42,6,74,57,386
42,7,77,59,445
42,8,82,64,509
42,9,81,67,576
42,10,86,68,644
42,11,88,66,710
42,12,76,58,768
42,13,82,59,827
42,14,87,63,890
42,15,81,61,951
42,16,82,64,1015
42,17,83,56,1071
42,18,83,62,1133
42,19,87,62,1195
42,20,87,64,1259
42,21,81,57,1316
42,22,81,62,1378
42,23,79,58,1436
42,24,83,61,1497
42,25,78,50,1547
42,26,82,57,1604
42,27,80,55,1659
42,28,89,66,1725
42,29,85,59,1784
42,30,88,67,1851
42,31,85,68,1919
42,32,81,56,1975
42,33,87,59,2034
42,34,84,59,2093
42,35,87,61,2154
42,36,82,55,2209
42,37,85,61,2270
42,38,83,59,2329
42,39,84,53,2382
42,40,75,54,2436
42,41,87,62,2498
42,42,87,65,2563
42,43,87,57,2620
42,44,87,66,2686
42,45,74,52,2738
42,46,88,60,2798
42,47,87,56,2854
42,48,89,70,2924
42,49,90,63,2987
42,50,83,59,3046
43,1,52,52,52
43,2,60,51,103
43,3,68,55,158
43,4,73,61,219
43,5,75,52,271
43,6,80,58,329
43,7,82,58,387
43,8,80,65,452
43,9,86,68,520
43,10,85,65,585
43,11,88,69,654
43,12,86,57,711
43,13,82,57,768
43,14,81,61,829
43,15,81,62,891
43,16,81,59,950
43,17,89,63,1013
43,18,85,67,1080
43,19,86,59,1139
43,20,83,55,1194
43,21,90,71,1265
43,22,87,66,1331
43,23,88,68,1399
43,24,96,63,1462
43,25,89,72,1534
43,26,88,60,1594
43,27,83,57,1651
43,28,90,64,1715
43,29,89,65,1780
43,30,89,61,1841
43,31,92,65,1906
43,32,90,70,1976
43,33,86,64,2040
43,34,84,57,2097
43,35,88,58,2155
43,36,91,67,2222
43,37,91,69,2291
43,38,88,56,2347
43,39,92,65,2412
43,40,87,57,2469
43,41,81,59,2528
43,42,88,67,2595
43,43,89,56,2651
43,44,87,65,2716
43,45,88,64,2780
43,46,88,52,2832
43,47,88,64,2896
43,48,85,54,2950
43,49,82,58,3008
43,50,91,61,3069
44,1,47,47,47
44,2,53,50,97
44,3,62,54,151
44,4,65,58,209
44,5,80,64,273
44,6,81,60,333
44,7,71,57,390
44,8,77,58,448
44,9,77,59,507
44,10,80,60,567
44,11,79,66,633
44,12,79,51,684
44,13,82,65,749
44,14,84,64,813
44,15,81,58,871
44,16,90,66,937
44,17,82,62,999
44,18,86,63,1062
44,19,81,60,1122
44,20,85,63,1185
44,21,79,57,1242
44,22,86,63,1305
44,23,84,68,1373
44,24,90,61,1434
44,25,82,59,1493
44,26,90,69,1562
44,27,85,58,1620
44,28,85,53,1673
44,29,89,58,1731
44,30,84,64,1795
44,31,84,60,1855
44,32,90,68,1923
44,33,87,59,1982
44,34,86,60,2042
44,35,98,72,2114
44,36,96,74,2188
44,37,86,58,2246
44,38,86,54,2300
44,39,90,61,2361
44,40,85,61,2422
44,41,86,53,2475
44,42,88,57,2532
44,43,86,53,2585
44,44,92,63,2648
44,45,89,63,2711
44,46,89,59,2770
44,47,86,55,2825
44,48,87,59,2884
44,49,89,66,2950
44,50,89,58,3008
45,1,55,55,55
45,2,55,50,105
45,3,64,54,159
45,4,74,62,221
45,5,71,54,275
45,6,71,53,328
45,7,80,56,384
45,8,89,66,450
45,9,81,58,508
45,10,85,64,572
45,11,84,64,636
45,12,79,54,690
45,13,81,55,745
45,14,86,66,811
45,15,81,54,865
45,16,87,63,928
45,17,76,55,983
45,18,86,69,1052
45,19,87,61,1113
45,20,89,63,1176
45,21,85,57,1233
45,22,86,61,1294
45,23,85,63,1357
45,24,87,63,1420
45,25,84,60,1480
45,26,82,53,1533
45,27,91,67,1600
45,28,86,59,1659
45,29,80,56,1715
45,30,88,67,1782
45,31,89,54,1836
45,32,89,71,1907
45,33,94,73,1980
45,34,85,59,2039
45,35,83,54,2093
45,36,90,71,2164
45,37,90,70,2234
45,38,90,61,2295
45,39,93,62,2357
45,40,90,64,2421
45,41,79,56,2477
45,42,91,62,2539
45,43,93,68,2607
45,44,84,51,2658
45,45,82,52,2710
45,46,89,60,2770
45,47,88,60,2830
45,48,88,57,2887
45,49,89,61,2948
45,50,91,66,3014
46,1,55,55,55
46,2,69,65,120
46,3,72,64,184
46,4,81,68,252
46,5,83,70,322
46,6,82,66,388
46,7,83,67,455
46,8,75,60,515
46,9,80,57,572
46,10,84,68,640
46,11,87,68,708
46,12,83,62,770
46,13,86,69,839
46,14,83,63,902
46,15,86,56,958
46,16,80,66,1024
46,17,88,68,1092
46,18,90,74,1166
46,19,89,73,1239
46,20,86,66,1305
46,21,83,62,1367
46,22,89,64,1431
46,23,86,63,1494
46,24,89,64,1558
46,25,85,65,1623
46,26,88,58,1681
46,27,88,60,1741
46,28,93,70,1811
46,29,88,63,1874
46,30,93,76,1950
46,31,80,56,2006
46,32,83,62,2068
46,33,78,52,2120
46,34,93,66,2186
46,35,86,65,2251
46,36,92,71,2322
46,37,88,54,2376
46,38,94,75,2451
46,39,90,64,2515
46,40,93,70,2585
46,41,83,59,2644
46,42,96,75,2719
46,43,87,55,2774
46,44,91,59,2833
46,45,88,61,2894
46,46,92,71,2965
46,47,91,60,3025
46,48,89,64,3089
46,49,95,64,3153
46,50,93,72,3225
47,1,76,76,76
47,2,79,70,146
47,3,81,66,212
47,4,84,64,276
47,5,87,71,347
47,6,86,70,417
47,7,81,63,480
47,8,83,63,543
47,9,87,66,609
47,10,87,69,678
47,11,84,63,741
47,12,87,59,800
47,13,88,67,867
47,14,90,68,935
47,15,81,65,1000
47,16,84,63,1063
47,17,79,59,1122
47,18,88,58,1180
47,19,90,63,1243
47,20,78,55,1298
47,21,80,59,1357
47,22,83,58,1415
47,23,83,53,1468
47,24,83,58,1526
47,25,89,70,1596
47,26,88,60,1656
47,27,94,72,1728
47,28,94,72,1800
47,29,90,64,1864
47,30,89,73,1937
47,31,86,63,2000
47,32,86,63,2063
47,33,86,63,2126
47,34,89,67,2193
47,35,83,58,2251
47,36,89,66,2317
47,37,91,70,2387
47,38,87,65,2452
47,39,88,68,2520
47,40,88,62,2582
47,41,91,66,2648
47,42,91,67,2715
47,43,88,64,2779
47,44,90,69,2848
47,45,88,64,2912
47,46,84,59,2971
47,47,85,62,3033
47,48,87,63,3096
47,49,90,66,3162
47,50,93,71,3233
48,1,55,55,55
48,2,54,47,102
48,3,72,59,161
48,4,82,72,233
48,5,76,59,292
48,6,79,64,356
48,7,81,69,425
48,8,78,58,483
48,9,84,66,549
48,10,78,62,611
48,11,80,58,669
48,12,85,58,727
48,13,80,61,788
48,14,84,64,852
48,15,84,55,907
48,16,83,62,969
48,17,85,59,1028
48,18,79,58,1086
48,19,86,58,1144
48,20,81,62,1206
48,21,83,64,1270
48,22,89,71,1341
48,23,89,68,1409
48,24,89,69,1478
48,25,90,64,1542
48,26,83,58,1600
48,27,88,67,1667
48,28,91,65,1732
48,29,88,56,1788
48,30,93,67,1855
48,31,77,45,1900
48,32,81,64,1964
48,33,87,65,2029
48,34,94,66,2095
48,35,84,60,2155
48,36,91,64,2219
48,37,86,55,2274
48,38,82,55,2329
48,39,83,60,2389
48,40,96,62,2451
48,41,89,58,2509
48,42,91,64,2573
48,43,88,58,2631
48,44,88,62,2693
48,45,90,72,2765
48,46,89,57,2822
48,47,87,52,2874
48,48,89,66,2940
48,49,92,64,3004
48,50,91,65,3069
49,1,62,62,62
49,2,68,60,122
49,3,67,57,179
49,4,74,59,238
49,5,76,61,299
49,6,86,69,368
49,7,76,57,425
49,8,82,64,489
49,9,77,58,547
49,10,78,60,607
49,11,78,56,663
49,12,77,61,724
49,13,85,68,792
49,14,83,61,853
49,15,80,59,912
49,16,79,54,966
49,17,81,59,1025
49,18,88,62,1087
49,19,87,69,1156
49,20,86,59,1215
49,21,87,66,1281
49,22,92,73,1354
49,23,81,62,1416
49,24,81,61,1477
49,25,93,71,1548
49,26,86,60,1608
49,27,82,53,1661
49,28,89,75,1736
49,29,86,70,1806
49,30,94,69,1875
49,31,91,59,1934
49,32,87,62,1996
49,33,88,68,2064
49,34,83,58,2122
49,35,93,66,2188
49,36,86,55,2243
49,37,89,67,2310
49,38,87,62,2372
49,39,92,66,2438
49,40,90,62,2500
49,41,87,59,2559
49,42,87,55,2614
49,43,87,55,2669
49,44,88,61,2730
49,45,91,69,2799
49,46,90,71,2870
49,47,87,60,2930
49,48,94,71,3001
49,49,91,63,3064
49,50,89,58,3122
50,1,72,72,72
50,2,74,68,140
50,3,82,74,214
50,4,84,76,290
50,5,87,75,365
50,6,87,71,436
50,7,79,62,498
50,8,86,65,563
50,9,91,73,636
50,10,87,65,701
50,11,81,63,764
50,12,90,70,834
50,13,92,76,910
50,14,91,70,980
50,15,93,71,1051
50,16,89,66,1117
50,17,92,70,1187
50,18,90,69,1256
50,19,92,64,1320
50,20,87,68,1388
50,21,91,71,1459
50,22,94,71,1530
50,23,85,59,1589
50,24,94,71,1660
50,25,90,59,1719
50,26,91,73,1792
50,27,89,59,1851
50,28,90,72,1923
50,29,92,73,1996
50,30,90,73,2069
50,31,87,69,2138
50,32,93,64,2202
50,33,80,58,2260
50,34,81,55,2315
50,35,93,68,2383
50,36,92,67,2450
50,37,87,61,2511
50,38,94,66,2577
50,39,90,65,2642
50,40,92,72,2714
50,41,92,69,2783
50,42,90,61,2844
50,43,88,69,2913
50,44,86,57,2970
50,45,89,66,3036
50,46,94,62,3098
50,47,93,70,3168
50,48,90,65,3233
50,49,89,67,3300
50,50,89,65,3365
51,1,59,59,59
51,2,58,52,111
51,3,66,57,168
51,4,73,58,226
51,5,76,53,279
51,6,76,58,337
51,7,83,61,398
51,8,75,57,455
51,9,74,52,507
51,10,84,64,571
51,11,76,53,624
51,12,84,60,684
51,13,86,66,750
51,14,87,59,809
51,15,85,63,872
51,16,88,69,941
51,17,88,61,1002
51,18,75,52,1054
51,19,80,65,1119
51,20,83,64,1183
51,21,88,62,1245
51,22,85,53,1298
51,23,85,65,1363
51,24,84,62,1425
51,25,92,68,1493
51,26,87,64,1557
51,27,89,62,1619
51,28,87,66,1685
51,29,84,68,1753
51,30,81,58,1811
51,31,88,63,1874
51,32,84,55,1929
51,33,82,62,1991
51,34,78,54,2045
51,35,85,62,2107
51,36,84,56,2163
51,37,90,62,2225
51,38,88,59,2284
51,39,85,62,2346
51,40,88,62,2408
51,41,84,55,2463
51,42,87,62,2525
51,43,87,63,2588
51,44,85,60,2648
51,45,91,63,2711
51,46,82,54,2765
51,47,92,63,2828
51,48,89,57,2885
51,49,90,64,2949
51,50,93,63,3012
52,1,73,73,73
52,2,82,79,152
52,3,83,73,225
52,4,89,80,305
52,5,85,71,376
52,6,84,69,445
52,7,84,64,509
52,8,86,62,571
52,9,92,76,647
52,10,86,70,717
52,11,81,64,781
52,12,93,73,854
52,13,90,73,927
52,14,93,69,996
52,15,86,61,1057
52,16,89,68,1125
52,17,84,57,1182
52,18,86,60,1242
52,19,85,66,1308
52,20,90,63,1371
52,21,87,62,1433
52,22,90,71,1504
52,23,89,64,1568
52,24,97,76,1644
52,25,95,63,1707
52,26,91,70,1777
52,27,93,70,1847
52,28,89,64,1911
52,29,94,67,1978
52,30,87,69,2047
52,31,93,71,2118
52,32,89,59,2177
52,33,86,60,2237
52,34,91,67,2304
52,35,90,68,2372
52,36,92,65,2437
52,37,98,63,2500
52,38,88,64,2564
52,39,92,72,2636
52,40,90,63,2699
52,41,90,67,2766
52,42,95,74,2840
52,43,95,73,2913
52,44,89,64,2977
52,45,91,70,3047
52,46,87,66,3113
52,47,90,65,3178
52,48,90,63,3241
52,49,85,65,3306
52,50,91,66,3372
53,1,70,70,70
53,2,81,75,145
53,3,82,74,219
53,4,87,79,298
53,5,89,75,373
53,6,93,80,453
53,7,87,66,519
53,8,88,68,587
53,9,92,76,663
53,10,96,76,739
53,11,91,74,813
53,12,87,67,880
53,13,88,70,950
53,14,84,67,1017
53,15,91,71,1088
53,16,88,72,1160
53,17,91,70,1230
53,18,98,78,1308
53,19,97,76,1384
53,20,88,67,1451
53,21,95,76,1527
53,22,85,68,1595
53,23,94,74,1669
53,24,95,70,1739
53,25,94,72,1811
53,26,84,61,1872
53,27,97,71,1943
53,28,82,69,2012
53,29,92,72,2084
53,30,91,71,2155
53,31,92,75,2230
53,32,92,70,2300
53,33,98,80,2380
53,34,92,71,2451
53,35,94,65,2516
53,36,91,69,2585
53,37,94,70,2655
53,38,94,73,2728
53,39,94,63,2791
53,40,88,69,2860
53,41,90,61,2921
53,42,87,65,2986
53,43,88,61,3047
53,44,94,73,3120
53,45,87,68,3188
53,46,94,74,3262
53,47,94,72,3334
53,48,94,68,3402
53,49,93,69,3471
53,50,86,61,3532
54,1,67,67,67
54,2,73,66,133
54,3,69,51,184
54,4,76,64,248
54,5,84,68,316
54,6,82,66,382
54,7,84,58,440
54,8,78,60,500
54,9,85,65,565
54,10,80,54,619
54,11,88,60,679
54,12,77,53,732
54,13,87,62,794
54,14,87,65,859
54,15,83,59,918
54,16,86,64,982
54,17,88,66,1048
54,18,85,60,1108
54,19,91,69,1177
54,20,90,76,1253
54,21,83,60,1313
54,22,92,63,1376
54,23,88,68,1444
54,24,88,69,1513
54,25,87,66,1579
54,26,83,58,1637
54,27,86,60,1697
54,28,84,60,1757
54,29,87,59,1816
54,30,89,63,1879
54,31,90,64,1943
54,32,80,60,2003
54,33,90,71,2074
54,34,89,63,2137
54,35,94,70,2207
54,36,91,77,2284
54,37,88,62,2346
54,38,92,65,2411
54,39,92,67,2478
54,40,82,60,2538
54,41,88,68,2606
54,42,89,60,2666
54,43,84,61,2727
54,44,91,64,2791
54,45,87,65,2856
54,46,84,63,2919
54,47,84,60,2979
54,48,92,64,3043
54,49,94,68,3111
54,50,92,64,3175
55,1,71,71,71
55,2,81,75,146
55,3,87,73,219
55,4,83,69,288
55,5,89,73,361
55,6,80,60,421
55,7,90,71,492
55,8,87,67,559
55,9,88,67,626
55,10,82,60,686
55,11,83,64,750
55,12,90,66,816
55,13,83,66,882
55,14,92,69,951
55,15,83,68,1019
55,16,91,70,1089
55,17,88,64,1153
55,18,84,62,1215
55,19,81,57,1272
55,20,93,71,1343
55,21,86,61,1404
55,22,89,63,1467
55,23,91,66,1533
55,24,87,65,1598
55,25,86,60,1658
55,26,83,62,1720
55,27,85,69,1789
55,28,89,63,1852
55,29,85,64,1916
55,30,87,66,1982
55,31,87,66,2048
55,32,92,64,2112
55,33,95,72,2184
55,34,90,65,2249
55,35,90,64,2313
55,36,89,74,2387
55,37,93,73,2460
55,38,92,71,2531
55,39,93,67,2598
55,40,92,67,2665
55,41,90,66,2731
55,42,94,71,2802
55,43,92,67,2869
55,44,93,71,2940
55,45,90,76,3016
55,46,93,65,3081
55,47,93,59,3140
55,48,91,57,3197
55,49,88,55,3252
55,50,94,70,3322
56,1,73,73,73
56,2,86,80,153
56,3,88,77,230
56,4,77,69,299
56,5,87,72,371
56,6,82,65,436
56,7,92,73,509
56,8,89,69,578
56,9,81,64,642
56,10,87,69,711
56,11,85,65,776
56,12,91,71,847
56,13,88,69,916
56,14,86,69,985
56,15,90,72,1057
56,16,82,60,1117
56,17,90,69,1186
56,18,90,64,1250
56,19,92,72,1322
56,20,86,63,1385
56,21,84,62,1447
56,22,93,72,1519
56,23,91,71,1590
56,24,91,64,1654
56,25,90,65,1719
56,26,90,63,1782
56,27,94,70,1852
56,28,96,77,1929
56,29,91,66,1995
56,30,85,66,2061
56,31,92,68,2129
56,32,88,67,2196
56,33,89,64,2260
56,34,91,71,2331
56,35,93,63,2394
56,36,86,61,2455
56,37,97,71,2526
56,38,85,64,2590
56,39,90,71,2661
56,40,93,70,2731
56,41,94,67,2798
56,42,89,63,2861
56,43,82,57,2918
56,44,92,66,2984
56,45,89,68,3052
56,46,89,65,3117
56,47,90,59,3176
56,48,94,75,3251
56,49,89,66,3317
56,50,93,73,3390
57,1,79,79,79
57,2,76,74,153
57,3,86,78,231
57,4,95,83,314
57,5,86,73,387
57,6,80,67,454
57,7,89,74,528
57,8,89,71,599
57,9,96,76,675
57,10,89,70,745
57,11,92,79,824
57,12,92,72,896
57,13,93,75,971
57,14,89,66,1037
57,15,97,80,1117
57,16,91,72,1189
57,17,84,71,1260
57,18,91,73,1333
57,19,86,66,1399
57,20,91,72,1471
57,21,91,70,1541
57,22,93,74,1615
57,23,90,69,1684
57,24,88,65,1749
57,25,85,68,1817
57,26,91,74,1891
57,27,87,71,1962
57,28,94,72,2034
57,29,94,68,2102
57,30,89,67,2169
57,31,91,64,2233
57,32,97,71,2304
57,33,88,65,2369
57,34,88,73,2442
57,35,88,68,2510
57,36,91,66,2576
57,37,95,73,2649
57,38,93,76,2725
57,39,90,64,2789
57,40,87,61,2850
57,41,95,71,2921
57,42,90,66,2987
57,43,95,73,3060
57,44,88,70,3130
57,45,94,71,3201
57,46,97,75,3276
57,47,95,68,3344
57,48,90,67,3411
57,49,89,68,3479
57,50,95,68,3547
58,1,75,75,75
58,2,83,77,152
58,3,88,78,230
58,4,87,76,306
58,5,89,74,380
58,6,93,82,462
58,7,88,73,535
58,8,88,70,605
58,9,94,78,683
58,10,97,80,763
58,11,91,69,832
58,12,94,75,907
58,13,91,82,989
58,14,89,76,1065
58,15,88,71,1136
58,16,95,74,1210
58,17,88,69,1279
58,18,90,62,1341
58,19,93,67,1408
58,20,93,79,1487
58,21,93,71,1558
58,22,91,67,1625
58,23,96,71,1696
58,24,95,71,1767
58,25,92,67,1834
58,26,87,62,1896
58,27,96,68,1964
58,28,86,69,2033
58,29,92,69,2102
58,30,90,70,2172
58,31,94,71,2243
58,32,87,64,2307
58,33,94,75,2382
58,34,94,67,2449
58,35,91,71,2520
58,36,89,59,2579
58,37,97,74,2653
58,38,90,71,2724
58,39,92,69,2793
58,40,92,59,2852
58,41,94,71,2923
58,42,89,68,2991
58,43,89,61,3052
58,44,90,68,3120
58,45,90,65,3185
58,46,89,69,3254
58,47,92,73,3327
58,48,90,69,3396
58,49,93,76,3472
58,50,92,77,3549
59,1,69,69,69
59,2,78,73,142
59,3,80,66,208
59,4,77,64,272
59,5,87,73,345
59,6,82,69,414
59,7,88,71,485
59,8,81,65,550
59,9,87,74,624
59,10,84,65,689
59,11,86,61,750
59,12,85,57,807
59,13,88,67,874
59,14,88,61,935
59,15,84,61,996
59,16,93,74,1070
59,17,87,65,1135
59,18,91,74,1209
59,19,89,69,1278
59,20,82,68,1346
59,21,89,62,1408
59,22,89,67,1475
59,23,88,71,1546
59,24,89,75,1621
59,25,86,63,1684
59,26,90,68,1752
59,27,86,59,1811
59,28,87,71,1882
59,29,90,66,1948
59,30,90,63,2011
59,31,85,58,2069
59,32,89,66,2135
59,33,89,68,2203
59,34,88,64,2267
59,35,89,62,2329
59,36,90,63,2392
59,37,87,59,2451
59,38,94,72,2523
59,39,94,68,2591
59,40,90,62,2653
59,41,93,72,2725
59,42,90,62,2787
59,43,93,73,2860
59,44,89,68,2928
59,45,79,59,2987
59,46,89,70,3057
59,47,90,66,3123
59,48,95,72,3195
59,49,90,74,3269
59,50,90,65,3334
60,1,72,72,72
60,2,79,72,144
60,3,75,63,207
60,4,94,76,283
60,5,82,70,353
60,6,78,62,415
60,7,84,65,480
60,8,85,63,543
60,9,85,70,613
60,10,88,65,678
60,11,89,72,750
60,12,88,72,822
60,13,91,73,895
60,14,87,67,962
60,15,89,63,1025
60,16,88,67,1092
60,17,87,68,1160
60,18,89,68,1228
60,19,88,66,1294
60,20,96,72,1366
60,21,91,72,1438
60,22,91,69,1507
60,23,87,58,1565
60,24,90,66,1631
60,25,91,72,1703
60,26,91,67,1770
60,27,93,72,1842
60,28,95,77,1919
60,29,94,76,1995
60,30,97,72,2067
60,31,92,65,2132
60,32,93,69,2201
60,33,93,74,2275
60,34,90,67,2342
60,35,85,60,2402
60,36,94,70,2472
60,37,92,66,2538
60,38,88,68,2606
60,39,95,68,2674
60,40,91,72,2746
60,41,87,61,2807
60,42,89,68,2875
60,43,91,65,2940
60,44,89,62,3002
60,45,89,57,3059
60,46,91,62,3121
60,47,95,71,3192
60,48,90,66,3258
60,49,90,65,3323
60,50,90,66,3389
61,1,63,63,63
61,2,73,66,129
61,3,79,66,195
61,4,86,71,266
61,5,87,72,338
61,6,83,64,402
61,7,86,73,475
61,8,87,70,545
61,9,89,78,623
61,10,85,61,684
61,11,85,68,752
61,12,88,75,827
61,13,88,72,899
61,14,89,72,971
61,15,89,69,1040
61,16,91,58,1098
61,17,85,67,1165
61,18,90,68,1233
61,19,91,66,1299
61,20,91,71,1370
61,21,94,71,1441
61,22,92,76,1517
61,23,86,64,1581
61,24,86,65,1646
61,25,89,73,1719
61,26,94,66,1785
61,27,88,66,1851
61,28,85,57,1908
61,29,92,68,1976
61,30,89,70,2046
61,31,90,61,2107
61,32,91,66,2173
61,33,88,64,2237
61,34,92,74,2311
61,35,92,68,2379
61,36,89,65,2444
61,37,87,66,2510
61,38,94,66,2576
61,39,95,73,2649
61,40,90,69,2718
61,41,91,66,2784
61,42,95,69,2853
61,43,90,65,2918
61,44,96,67,2985
61,45,89,68,3053
61,46,90,63,3116
61,47,94,77,3193
61,48,92,67,3260
61,49,90,67,3327
61,50,99,72,3399
62,1,60,60,60
62,2,71,66,126
62,3,77,66,192
62,4,80,67,259
62,5,86,70,329
62,6,85,70,399
62,7,80,64,463
62,8,79,60,523
62,9,88,69,592
62,10,92,76,668
62,11,79,57,725
62,12,89,74,799
62,13,89,68,867
62,14,87,68,935
62,15,88,70,1005
62,16,90,67,1072
62,17,91,69,1141
62,18,91,78,1219
62,19,86,66,1285
62,20,91,71,1356
62,21,90,62,1418
62,22,93,71,1489
62,23,87,64,1553
62,24,89,63,1616
62,25,94,68,1684
62,26,92,71,1755
62,27,90,65,1820
62,28,92,72,1892
62,29,89,64,1956
62,30,92,69,2025
62,31,91,67,2092
62,32,87,61,2153
62,33,92,69,2222
62,34,86,61,2283
62,35,91,67,2350
62,36,90,73,2423
62,37,97,72,2495
62,38,91,65,2560
62,39,91,71,2631
62,40,93,73,2704
62,41,92,65,2769
62,42,95,68,2837
62,43,92,72,2909
62,44,94,71,2980
62,45,92,74,3054
62,46,94,71,3125
62,47,90,65,3190
62,48,92,68,3258
62,49,91,69,3327
62,50,96,75,3402
63,1,66,66,66
63,2,74,68,134
63,3,82,68,202
63,4,76,61,263
63,5,82,68,331
63,6,83,66,397
63,7,82,62,459
63,8,76,56,515
63,9,80,64,579
63,10,87,63,642
63,11,81,60,702
63,12,86,68,770
63,13,85,68,838
63,14,83,65,903
63,15,83,62,965
63,16,76,57,1022
63,17,87,62,1084
63,18,81,58,1142
63,19,89,58,1200
63,20,91,72,1272
63,21,80,61,1333
63,22,85,61,1394
63,23,81,59,1453
63,24,86,64,1517
63,25,82,51,1568
63,26,88,70,1638
63,27,90,62,1700
63,28,93,70,1770
63,29,84,62,1832
63,30,83,62,1894
63,31,91,68,1962
63,32,91,70,2032
63,33,86,66,2098
63,34,89,72,2170
63,35,86,57,2227
63,36,85,55,2282
63,37,89,65,2347
63,38,91,66,2413
63,39,92,67,2480
63,40,91,61,2541
63,41,87,62,2603
63,42,85,59,2662
63,43,89,62,2724
63,44,91,65,2789
63,45,90,55,2844
63,46,87,67,2911
63,47,84,63,2974
63,48,87,60,3034
63,49,89,59,3093
63,50,88,62,3155
64,1,66,66,66
64,2,83,76,142
64,3,81,69,211
64,4,81,69,280
64,5,74,64,344
64,6,84,64,408
64,7,94,74,482
64,8,83,63,545
64,9,84,73,618
64,10,87,68,686
64,11,84,67,753
64,12,92,68,821
64,13,91,79,900
64,14,91,64,964
64,15,92,79,1043
64,16,90,66,1109
64,17,87,63,1172
64,18,92,74,1246
64,19,91,74,1320
64,20,91,70,1390
64,21,94,76,1466
64,22,91,70,1536
64,23,90,60,1596
64,24,89,61,1657
64,25,94,73,1730
64,26,89,69,1799
64,27,87,60,1859
64,28,91,66,1925
64,29,92,68,1993
64,30,90,73,2066
64,31,90,76,2142
64,32,93,68,2210
64,33,88,67,2277
64,34,93,66,2343
64,35,90,68,2411
64,36,89,69,2480
64,37,95,69,2549
64,38,88,64,2613
64,39,94,68,2681
64,40,90,59,2740
64,41,94,70,2810
64,42,96,73,2883
64,43,92,66,2949
64,44,96,75,3024
64,45,93,67,3091
64,46,88,67,3158
64,47,96,71,3229
64,48,90,69,3298
64,49,96,77,3375
64,50,96,67,3442
65,1,77,77,77
65,2,77,74,151
65,3,86,77,228
65,4,88,80,308
65,5,90,72,380
65,6,90,71,451
65,7,90,72,523
65,8,86,64,587
65,9,87,72,659
65,10,91,76,735
65,11,90,78,813
65,12,85,71,884
65,13,89,64,948
65,14,91,72,1020
65,15,85,68,1088
65,16,85,67,1155
65,17,90,74,1229
65,18,95,78,1307
65,19,92,78,1385
65,20,91,76,1461
65,21,93,73,1534
65,22,94,69,1603
65,23,87,69,1672
65,24,95,70,1742
65,25,91,70,1812
65,26,91,70,1882
65,27,87,67,1949
65,28,90,73,2022
65,29,90,74,2096
65,30,94,71,2167
65,31,92,73,2240
65,32,92,70,2310
65,33,94,70,2380
65,34,87,60,2440
65,35,94,73,2513
65,36,89,69,2582
65,37,89,67,2649
65,38,87,65,2714
65,39,89,60,2774
65,40,90,67,2841
65,41,87,67,2908
65,42,94,70,2978
65,43,96,67,3045
65,44,98,76,3121
65,45,94,81,3202
65,46,89,63,3265
65,47,90,64,3329
65,48,90,72,3401
65,49,92,68,3469
65,50,92,67,3536
66,1,67,67,67
66,2,81,72,139
66,3,87,79,218
66,4,90,73,291
66,5,83,65,356
66,6,90,69,425
66,7,83,68,493
66,8,85,72,565
66,9,83,62,627
66,10,91,75,702
66,11,94,77,779
66,12,86,67,846
66,13,91,74,920
66,14,88,65,985
66,15,93,67,1052
66,16,90,70,1122
66,17,91,74,1196
66,18,91,68,1264
66,19,90,65,1329
66,20,92,73,1402
66,21,91,69,1471
66,22,84,64,1535
66,23,97,77,1612
66,24,90,67,1679
66,25,93,67,1746
66,26,88,66,1812
66,27,88,70,1882
66,28,89,68,1950
66,29,93,63,2013
66,30,92,71,2084
66,31,90,71,2155
66,32,93,69,2224
66,33,89,66,2290
66,34,87,59,2349
66,35,90,69,2418
66,36,94,64,2482
66,37,91,67,2549
66,38,94,78,2627
66,39,90,72,2699
66,40,92,69,2768
66,41,85,68,2836
66,42,93,71,2907
66,43,93,63,2970
66,44,90,75,3045
66,45,86,71,3116
66,46,93,72,3188
66,47,99,77,3265
66,48,90,68,3333
66,49,89,66,3399
66,50,91,68,3467
67,1,69,69,69
67,2,80,78,147
67,3,82,71,218
67,4,91,80,298
67,5,89,70,368
67,6,87,71,439
67,7,86,67,506
67,8,88,71,577
67,9,88,67,644
67,10,92,80,724
67,11,85,63,787
67,12,88,68,855
67,13,91,65,920
67,14,91,67,987
67,15,88,72,1059
67,16,89,72,1131
67,17,94,69,1200
67,18,83,63,1263
67,19,89,71,1334
67,20,85,64,1398
67,21,88,65,1463
67,22,80,55,1518
67,23,95,72,1590
67,24,87,62,1652
67,25,89,70,1722
67,26,88,61,1783
67,27,93,74,1857
67,28,87,61,1918
67,29,93,68,1986
67,30,88,68,2054
67,31,88,67,2121
67,32,94,73,2194
67,33,95,79,2273
67,34,92,71,2344
67,35,97,81,2425
67,36,87,68,2493
67,37,90,66,2559
67,38,95,74,2633
67,39,89,65,2698
67,40,93,70,2768
67,41,86,65,2833
67,42,91,77,2910
67,43,90,66,2976
67,44,89,65,3041
67,45,90,69,3110
67,46,88,70,3180
67,47,93,68,3248
67,48,90,72,3320
67,49,93,71,3391
67,50,84,62,3453
68,1,76,76,76
68,2,87,79,155
68,3,88,79,234
68,4,85,67,301
68,5,86,71,372
68,6,91,73,445
68,7,89,69,514
68,8,90,68,582
68,9,86,66,648
68,10,83,63,711
68,11,85,67,778
68,12,91,72,850
68,13,85,59,909
68,14,92,69,978
68,15,91,65,1043
68,16,91,63,1106
68,17,90,72,1178
68,18,90,69,1247
68,19,93,77,1324
68,20,94,75,1399
68,21,86,66,1465
68,22,93,67,1532
68,23,94,66,1598
68,24,93,74,1672
68,25,97,71,1743
68,26,93,74,1817
68,27,92,73,1890
68,28,95,78,1968
68,29,88,65,2033
68,30,92,64,2097
68,31,98,73,2170
68,32,92,74,2244
68,33,93,73,2317
68,34,89,67,2384
68,35,90,67,2451
68,36,88,62,2513
68,37,91,72,2585
68,38,94,69,2654
68,39,91,61,2715
68,40,90,64,2779
68,41,92,68,2847
68,42,96,74,2921
68,43,97,73,2994
68,44,89,62,3056
68,45,90,70,3126
68,46,92,65,3191
68,47,89,66,3257
68,48,86,61,3318
68,49,89,66,3384
68,50,96,74,3458
69,1,70,70,70
69,2,76,66,136
69,3,82,72,208
69,4,77,60,268
69,5,88,71,339
69,6,81,63,402
69,7,84,68,470
69,8,85,64,534
69,9,78,62,596
69,10,81,54,650
69,11,83,66,716
69,12,87,66,782
69,13,87,67,849
69,14,87,63,912
69,15,87,63,975
69,16,86,67,1042
69,17,90,64,1106
69,18,85,62,1168
69,19,91,69,1237
69,20,86,64,1301
69,21,88,63,1364
69,22,88,69,1433
69,23,87,58,1491
69,24,88,64,1555
69,25,90,70,1625
69,26,91,67,1692
69,27,85,64,1756
69,28,95,75,1831
69,29,88,67,1898
69,30,86,71,1969
69,31,91,63,2032
69,32,91,66,2098
69,33,83,54,2152
69,34,96,70,2222
69,35,92,61,2283
69,36,80,59,2342
69,37,86,64,2406
69,38,89,63,2469
69,39,90,66,2535
69,40,89,64,2599
69,41,89,58,2657
69,42,86,61,2718
69,43,88,60,2778
69,44,94,69,2847
69,45,91,68,2915
69,46,94,67,2982
69,47,87,71,3053
69,48,91,66,3119
69,49,87,61,3180
69,50,97,78,3258
70,1,66,66,66
70,2,65,54,120
70,3,64,54,174
70,4,82,67,241
70,5,82,60,301
70,6,84,66,367
70,7,80,61,428
70,8,81,62,490
70,9,78,51,541
70,10,82,61,602
70,11,81,62,664
70,12,79,53,717
70,13,81,59,776
70,14,86,69,845
70,15,76,59,904
70,16,80,58,962
70,17,83,59,1021
70,18,88,62,1083
70,19,84,62,1145
70,20,84,60,1205
70,21,88,64,1269
70,22,84,55,1324
70,23,82,61,1385
70,24,82,55,1440
70,25,86,55,1495
70,26,82,56,1551
70,27,88,66,1617
70,28,94,65,1682
70,29,88,56,1738
70,30,84,53,1791
70,31,86,63,1854
70,32,91,67,1921
70,33,84,60,1981
70,34,87,62,2043
70,35,83,57,2100
70,36,88,63,2163
70,37,86,67,2230
70,38,76,43,2273
70,39,88,57,2330
70,40,90,60,2390
70,41,89,64,2454
70,42,84,63,2517
70,43,83,55,2572
70,44,91,60,2632
70,45,82,53,2685
70,46,91,62,2747
70,47,88,62,2809
70,48,86,63,2872
70,49,92,63,2935
70,50,87,58,2993
71,1,68,68,68
71,2,83,73,141
71,3,83,70,211
71,4,79,61,272
71,5,75,55,327
71,6,85,69,396
71,7,83,63,459
71,8,88,69,528
71,9,81,63,591
71,10,87,64,655
71,11,82,63,718
71,12,85,64,782
71,13,84,67,849
71,14,88,69,918
71,15,84,66,984
71,16,82,55,1039
71,17,83,59,1098
71,18,82,59,1157
71,19,82,51,1208
71,20,85,64,1272
71,21,89,63,1335
71,22,85,65,1400
71,23,92,66,1466
71,24,86,61,1527
71,25,85,67,1594
71,26,89,60,1654
71,27,97,69,1723
71,28,91,65,1788
71,29,88,64,1852
71,30,94,68,1920
71,31,90,72,1992
71,32,91,66,2058
71,33,84,61,2119
71,34,91,66,2185
71,35,87,67,2252
71,36,86,62,2314
71,37,88,56,2370
71,38,89,67,2437
71,39,87,66,2503
71,40,90,63,2566
71,41,90,60,2626
71,42,86,62,2688
71,43,88,65,2753
71,44,91,70,2823
71,45,95,66,2889
71,46,89,65,2954
71,47,86,57,3011
71,48,91,61,3072
71,49,94,68,3140
71,50,88,61,3201
72,1,70,70,70
72,2,71,67,137
72,3,84,70,207
72,4,80,68,275
72,5,83,62,337
72,6,83,66,403
72,7,91,75,478
72,8,94,73,551
72,9,84,73,624
72,10,87,73,697
72,11,92,70,767
72,12,92,67,834
72,13,90,74,908
72,14,91,69,977
72,15,93,69,1046
72,16,89,74,1120
72,17,89,69,1189
72,18,89,71,1260
72,19,92,71,1331
72,20,84,57,1388
72,21,91,73,1461
72,22,89,63,1524
72,23,87,69,1593
72,24,89,70,1663
72,25,91,68,1731
72,26,85,65,1796
72,27,93,69,1865
72,28,89,67,1932
72,29,94,68,2000
72,30,90,65,2065
72,31,89,69,2134
72,32,90,72,2206
72,33,91,68,2274
72,34,96,75,2349
72,35,94,73,2422
72,36,89,66,2488
72,37,92,61,2549
72,38,92,77,2626
72,39,88,68,2694
72,40,85,65,2759
72,41,87,62,2821
72,42,91,71,2892
72,43,86,62,2954
72,44,89,61,3015
72,45,97,78,3093
72,46,93,66,3159
72,47,90,68,3227
72,48,94,70,3297
72,49,91,67,3364
72,50,94,69,3433
73,1,54,54,54
73,2,54,44,98
73,3,62,52,150
73,4,77,65,215
73,5,78,63,278
73,6,73,55,333
73,7,80,58,391
73,8,83,62,453
73,9,81,60,513
73,10,79,57,570
73,11,80,55,625
73,12,86,63,688
73,13,85,59,747
73,14,82,62,809
73,15,84,66,875
73,16,83,63,938
73,17,80,61,999
73,18,89,60,1059
73,19,87,66,1125
73,20,85,63,1188
73,21,86,65,1253
73,22,84,60,1313
73,23,88,72,1385
73,24,89,72,1457
73,25,87,64,1521
73,26,88,58,1579
73,27,86,58,1637
73,28,88,61,1698
73,29,83,63,1761
73,30,87,65,1826
73,31,87,56,1882
73,32,85,54,1936
73,33,92,66,2002
73,34,90,68,2070
73,35,91,66,2136
73,36,86,69,2205
73,37,91,63,2268
73,38,96,73,2341
73,39,80,54,2395
73,40,88,68,2463
73,41,89,69,2532
73,42,89,66,2598
73,43,85,63,2661
73,44,84,55,2716
73,45,84,55,2771
73,46,83,60,2831
73,47,87,58,2889
73,48,90,64,2953
73,49,88,60,3013
73,50,82,54,3067
74,1,45,45,45
74,2,52,45,90
74,3,66,54,144
74,4,69,54,198
74,5,65,50,248
74,6,70,53,301
74,7,74,54,355
74,8,80,59,414
74,9,85,62,476
74,10,87,65,541
74,11,84,67,608
74,12,79,56,664
74,13,77,54,718
74,14,81,60,778
74,15,84,61,839
74,16,86,61,900
74,17,87,56,956
74,18,88,59,1015
74,19,83,50,1065
74,20,80,57,1122
74,21,90,69,1191
74,22,84,57,1248
74,23,89,65,1313
74,24,81,57,1370
74,25,84,64,1434
74,26,88,65,1499
74,27,94,72,1571
74,28,85,56,1627
74,29,84,55,1682
74,30,89,57,1739
74,31,89,63,1802
74,32,84,55,1857
74,33,85,54,1911
74,34,88,57,1968
74,35,89,59,2027
74,36,90,65,2092
74,37,87,58,2150
74,38,86,57,2207
74,39,92,55,2262
74,40,91,53,2315
74,41,88,63,2378
74,42,89,66,2444
74,43,85,53,2497
74,44,89,62,2559
74,45,89,65,2624
74,46,85,55,2679
74,47,86,59,2738
74,48,84,52,2790
74,49,91,65,2855
74,50,88,50,2905
75,1,73,73,73
75,2,75,66,139
75,3,74,64,203
75,4,76,58,261
75,5,70,57,318
75,6,82,63,381
75,7,80,62,443
75,8,82,62,505
75,9,87,73,578
75,10,76,52,630
75,11,85,64,694
75,12,91,70,764
75,13,83,67,831
75,14,83,57,888
75,15,89,69,957
75,16,86,63,1020
75,17,81,59,1079
75,18,90,76,1155
75,19,80,58,1213
75,20,89,65,1278
75,21,82,60,1338
75,22,89,62,1400
75,23,84,61,1461
75,24,86,69,1530
75,25,89,69,1599
75,26,86,64,1663
75,27,83,63,1726
75,28,84,65,1791
75,29,84,61,1852
75,30,86,56,1908
75,31,89,69,1977
75,32,87,61,2038
75,33,86,56,2094
75,34,87,68,2162
75,35,86,59,2221
75,36,86,69,2290
75,37,95,69,2359
75,38,89,63,2422
75,39,88,66,2488
75,40,88,62,2550
75,41,90,69,2619
75,42,87,65,2684
75,43,90,68,2752
75,44,89,70,2822
75,45,93,70,2892
75,46,78,56,2948
75,47,93,57,3005
75,48,89,60,3065
75,49,86,57,3122
75,50,85,60,3182
76,1,57,57,57
76,2,71,64,121
76,3,70,58,179
76,4,75,59,238
76,5,79,62,300
76,6,76,59,359
76,7,85,67,426
76,8,83,64,490
76,9,71,53,543
76,10,79,61,604
76,11,81,55,659
76,12,77,55,714
76,13,87,64,778
76,14,82,59,837
76,15,87,64,901
76,16,85,61,962
76,17,83,51,1013
76,18,81,59,1072
76,19,79,54,1126
76,20,84,57,1183
76,21,83,66,1249
76,22,85,63,1312
76,23,84,64,1376
76,24,90,61,1437
76,25,81,53,1490
76,26,84,61,1551
76,27,84,62,1613
76,28,84,55,1668
76,29,85,58,1726
76,30,81,57,1783
76,31,93,59,1842
76,32,87,61,1903
76,33,88,57,1960
76,34,91,56,2016
76,35,91,58,2074
76,36,81,50,2124
76,37,81,54,2178
76,38,78,50,2228
76,39,84,56,2284
76,40,85,57,2341
76,41,85,53,2394
76,42,93,62,2456
76,43,79,50,2506
76,44,80,59,2565
76,45,82,55,2620
76,46,85,53,2673
76,47,87,53,2726
76,48,88,67,2793
76,49,86,55,2848
76,50,84,55,2903
77,1,54,54,54
77,2,70,66,120
77,3,75,66,186
77,4,76,65,251
77,5,85,67,318
77,6,83,69,387
77,7,85,61,448
77,8,80,61,509
77,9,81,59,568
77,10,80,60,628
77,11,76,53,681
77,12,75,53,734
77,13,79,48,782
77,14,79,59,841
77,15,81,61,902
77,16,81,64,966
77,17,84,59,1025
77,18,87,65,1090
77,19,81,63,1153
77,20,80,59,1212
77,21,83,59,1271
77,22,86,61,1332
77,23,87,62,1394
77,24,82,55,1449
77,25,86,67,1516
77,26,87,62,1578
77,27,81,58,1636
77,28,84,61,1697
77,29,93,63,1760
77,30,81,52,1812
77,31,92,63,1875
77,32,79,51,1926
77,33,80,56,1982
77,34,87,63,2045
77,35,87,57,2102
77,36,82,53,2155
77,37,86,61,2216
77,38,86,59,2275
77,39,87,67,2342
77,40,89,67,2409
77,41,84,55,2464
77,42,93,63,2527
77,43,87,59,2586
77,44,82,45,2631
77,45,85,59,2690
77,46,85,62,2752
77,47,84,62,2814
77,48,80,51,2865
77,49,84,59,2924
77,50,85,59,2983
78,1,45,45,45
78,2,56,52,97
78,3,64,56,153
78,4,69,51,204
78,5,68,50,254
78,6,61,44,298
78,7,78,59,357
78,8,84,59,416
78,9,71,56,472
78,10,77,62,534
78,11,82,55,589
78,12,79,56,645
78,13,82,60,705
78,14,83,61,766
78,15,83,55,821
78,16,85,64,885
78,17,81,60,945
78,18,76,53,998
78,19,87,62,1060
78,20,83,61,1121
78,21,80,59,1180
78,22,77,54,1234
78,23,75,57,1291
78,24,77,56,1347
78,25,81,56,1403
78,26,79,57,1460
78,27,82,50,1510
78,28,89,64,1574
78,29,86,59,1633
78,30,77,52,1685
78,31,91,68,1753
78,32,86,62,1815
78,33,78,52,1867
78,34,85,58,1925
78,35,87,56,1981
78,36,83,53,2034
78,37,83,52,2086
78,38,84,50,2136
78,39,82,61,2197
78,40,83,48,2245
78,41,84,46,2291
78,42,84,52,2343
78,43,84,50,2393
78,44,85,57,2450
78,45,78,59,2509
78,46,94,66,2575
78,47,82,43,2618
78,48,83,61,2679
78,49,84,54,2733
78,50,88,59,2792
79,1,40,40,40
79,2,60,49,89
79,3,68,53,142
79,4,62,46,188
79,5,68,53,241
79,6,70,54,295
79,7,75,52,347
79,8,70,50,397
79,9,71,50,447
79,10,79,58,505
79,11,78,58,563
79,12,84,59,622
79,13,76,49,671
79,14,78,53,724
79,15,83,60,784
79,16,84,67,851
79,17,81,58,909
79,18,84,56,965
79,19,85,61,1026
79,20,84,65,1091
79,21,87,60,1151
79,22,87,63,1214
79,23,84,54,1268
79,24,85,64,1332
79,25,81,57,1389
79,26,83,62,1451
79,27,79,49,1500
79,28,88,60,1560
79,29,84,53,1613
79,30,80,55,1668
79,31,85,57,1725
79,32,85,54,1779
79,33,83,51,1830
79,34,81,47,1877
79,35,84,58,1935
79,36,89,59,1994
79,37,89,69,2063
79,38,86,57,2120
79,39,86,61,2181
79,40,89,55,2236
79,41,79,56,2292
79,42,86,56,2348
79,43,89,61,2409
79,44,82,59,2468
79,45,86,60,2528
79,46,85,51,2579
79,47,84,60,2639
79,48,88,56,2695
79,49,89,66,2761
79,50,80,53,2814
80,1,47,47,47
80,2,65,58,105
80,3,66,58,163
80,4,71,56,219
80,5,74,54,273
80,6,81,66,339
80,7,81,56,395
80,8,68,49,444
80,9,75,55,499
80,10,86,63,562
80,11,78,55,617
80,12,86,72,689
80,13,83,62,751
80,14,86,57,808
80,15,81,59,867
80,16,85,58,925
80,17,79,57,982
80,18,77,59,1041
80,19,89,58,1099
80,20,87,65,1164
80,21,85,58,1222
80,22,87,59,1281
80,23,85,56,1337
80,24,88,70,1407
80,25,81,56,1463
80,26,87,61,1524
80,27,87,56,1580
80,28,86,55,1635
80,29,88,56,1691
80,30,84,58,1749
80,31,83,60,1809
80,32,93,61,1870
80,33,83,53,1923
80,34,84,62,1985
80,35,91,66,2051
80,36,86,56,2107
80,37,95,59,2166
80,38,85,57,2223
80,39,92,66,2289
80,40,89,68,2357
80,41,86,65,2422
80,42,92,69,2491
80,43,86,62,2553
80,44,85,54,2607
80,45,86,59,2666
80,46,91,66,2732
80,47,90,58,2790
80,48,88,65,2855
80,49,88,54,2909
80,50,91,58,2967
81,1,59,59,59
81,2,69,65,124
81,3,78,65,189
81,4,78,66,255
81,5,85,65,320
81,6,76,59,379
81,7,82,62,441
81,8,74,53,494
81,9,77,56,550
81,10,79,57,607
81,11,78,57,664
81,12,76,51,715
81,13,77,48,763
81,14,79,59,822
81,15,88,60,882
81,16,78,52,934
81,17,82,60,994
81,18,82,61,1055
81,19,83,63,1118
81,20,85,61,1179
81,21,84,64,1243
81,22,78,58,1301
81,23,84,55,1356
81,24,90,62,1418
81,25,85,59,1477
81,26,85,53,1530
81,27,87,68,1598
81,28,86,62,1660
81,29,85,59,1719
81,30,88,58,1777
81,31,94,55,1832
81,32,82,55,1887
81,33,86,56,1943
81,34,92,69,2012
81,35,90,65,2077
81,36,84,58,2135
81,37,83,49,2184
81,38,80,52,2236
81,39,88,63,2299
81,40,87,58,2357
81,41,87,61,2418
81,42,82,58,2476
81,43,88,64,2540
81,44,82,54,2594
81,45,85,53,2647
81,46,84,51,2698
81,47,89,61,2759
81,48,84,50,2809
81,49,88,59,2868
81,50,84,55,2923
82,1,68,68,68
82,2,67,63,131
82,3,86,78,209
82,4,84,72,281
82,5,82,70,351
82,6,79,63,414
82,7,83,64,478
82,8,89,64,542
82,9,92,78,620
82,10,92,80,700
82,11,88,67,767
82,12,86,66,833
82,13,87,63,896
82,14,88,73,969
82,15,93,76,1045
82,16,90,71,1116
82,17,94,72,1188
82,18,89,68,1256
82,19,91,66,1322
82,20,88,68,1390
82,21,92,72,1462
82,22,90,62,1524
82,23,96,74,1598
82,24,89,70,1668
82,25,87,64,1732
82,26,88,66,1798
82,27,91,70,1868
82,28,89,60,1928
82,29,93,71,1999
82,30,92,69,2068
82,31,95,70,2138
82,32,89,62,2200
82,33,92,75,2275
82,34,88,65,2340
82,35,84,57,2397
82,36,88,58,2455
82,37,94,73,2528
82,38,94,67,2595
82,39,95,72,2667
82,40,90,65,2732
82,41,93,70,2802
82,42,93,69,2871
82,43,93,72,2943
82,44,90,65,3008
82,45,90,65,3073
82,46,93,71,3144
82,47,92,64,3208
82,48,92,73,3281
82,49,96,73,3354
82,50,93,69,3423
83,1,63,63,63
83,2,71,65,128
83,3,76,67,195
83,4,71,56,251
83,5,78,66,317
83,6,85,62,379
83,7,72,59,438
83,8,78,54,492
83,9,81,60,552
83,10,80,64,616
83,11,81,67,683
83,12,85,65,748
83,13,77,57,805
83,14,79,56,861
83,15,86,63,924
83,16,76,53,977
83,17,84,69,1046
83,18,89,67,1113
83,19,81,56,1169
83,20,82,59,1228
83,21,89,66,1294
83,22,82,61,1355
83,23,81,61,1416
83,24,85,62,1478
83,25,80,50,1528
83,26,86,51,1579
83,27,84,63,1642
83,28,82,58,1700
83,29,86,59,1759
83,30,82,58,1817
83,31,92,64,1881
83,32,90,67,1948
83,33,82,56,2004
83,34,89,57,2061
83,35,83,59,2120
83,36,84,60,2180
83,37,81,51,2231
83,38,87,54,2285
83,39,89,59,2344
83,40,87,66,2410
83,41,86,63,2473
83,42,82,52,2525
83,43,83,56,2581
83,44,83,51,2632
83,45,86,69,2701
83,46,86,57,2758
83,47,86,65,2823
83,48,88,55,2878
83,49,88,54,2932
83,50,87,64,2996
84,1,63,63,63
84,2,67,63,126
84,3,78,65,191
84,4,75,62,253
84,5,78,65,318
84,6,79,66,384
84,7,83,71,455
84,8,81,64,519
84,9,80,64,583
84,10,76,54,637
84,11,85,62,699
84,12,83,65,764
84,13,86,61,825
84,14,81,61,886
84,15,79,61,947
84,16,89,71,1018
84,17,88,64,1082
84,18,92,78,1160
84,19,85,60,1220
84,20,85,64,1284
84,21,90,65,1349
84,22,86,64,1413
84,23,89,66,1479
84,24,89,67,1546
84,25,85,71,1617
84,26,83,65,1682
84,27,89,60,1742
84,28,86,67,1809
84,29,88,65,1874
84,30,88,67,1941
84,31,89,64,2005
84,32,88,63,2068
84,33,89,66,2134
84,34,86,62,2196
84,35,91,68,2264
84,36,88,63,2327
84,37,86,61,2388
84,38,92,68,2456
84,39,94,65,2521
84,40,92,67,2588
84,41,90,62,2650
84,42,88,64,2714
84,43,90,63,2777
84,44,91,68,2845
84,45,89,58,2903
84,46,93,65,2968
84,47,92,65,3033
84,48,90,62,3095
84,49,93,67,3162
84,50,92,72,3234
85,1,55,55,55
85,2,61,58,113
85,3,76,69,182
85,4,69,62,244
85,5,79,57,301
85,6,74,59,360
85,7,81,63,423
85,8,87,71,494
85,9,79,60,554
85,10,79,60,614
85,11,87,67,681
85,12,84,68,749
85,13,80,65,814
85,14,89,66,880
85,15,78,60,940
85,16,88,70,1010
85,17,90,69,1079
85,18,76,52,1131
85,19,82,54,1185
85,20,85,60,1245
85,21,90,65,1310
85,22,90,65,1375
85,23,83,58,1433
85,24,84,61,1494
85,25,87,62,1556
85,26,87,60,1616
85,27,81,55,1671
85,28,86,56,1727
85,29,87,63,1790
85,30,84,59,1849
85,31,87,63,1912
85,32,95,75,1987
85,33,88,62,2049
85,34,83,60,2109
85,35,91,69,2178
85,36,91,68,2246
85,37,86,61,2307
85,38,90,68,2375
85,39,89,68,2443
85,40,90,58,2501
85,41,92,65,2566
85,42,83,62,2628
85,43,90,62,2690
85,44,90,57,2747
85,45,88,64,2811
85,46,92,65,2876
85,47,88,67,2943
85,48,89,66,3009
85,49,92,59,3068
85,50,86,60,3128
86,1,51,51,51
86,2,64,59,110
86,3,69,60,170
86,4,61,43,213
86,5,65,49,262
86,6,76,58,320
86,7,78,61,381
86,8,71,50,431
86,9,66,49,480
86,10,78,58,538
86,11,74,51,589
86,12,75,55,644
86,13,81,56,700
86,14,85,62,762
86,15,80,64,826
86,16,85,65,891
86,17,77,55,946
86,18,82,61,1007
86,19,69,43,1050
86,20,78,59,1109
86,21,82,60,1169
86,22,80,61,1230
86,23,81,55,1285
86,24,84,63,1348
86,25,84,59,1407
86,26,82,61,1468
86,27,80,58,1526
86,28,83,57,1583
86,29,80,53,1636
86,30,86,57,1693
86,31,80,51,1744
86,32,80,53,1797
86,33,85,59,1856
86,34,82,57,1913
86,35,81,54,1967
86,36,87,55,2022
86,37,82,54,2076
86,38,81,59,2135
86,39,87,56,2191
86,40,85,54,2245
86,41,83,57,2302
86,42,80,51,2353
86,43,85,59,2412
86,44,79,47,2459
86,45,88,61,2520
86,46,84,55,2575
86,47,82,48,2623
86,48,81,48,2671
86,49,84,55,2726
86,50,84,56,2782
87,1,66,66,66
87,2,69,61,127
87,3,68,55,182
87,4,75,57,239
87,5,73,55,294
87,6,75,56,350
87,7,81,67,417
87,8,78,59,476
87,9,84,63,539
87,10,83,63,602
87,11,79,57,659
87,12,84,66,725
87,13,75,52,777
87,14,82,61,838
87,15,74,52,890
87,16,90,63,953
87,17,80,57,1010
87,18,85,63,1073
87,19,81,59,1132
87,20,93,68,1200
87,21,88,63,1263
87,22,88,62,1325
87,23,86,67,1392
87,24,84,60,1452
87,25,81,53,1505
87,26,79,56,1561
87,27,79,55,1616
87,28,88,63,1679
87,29,84,64,1743
87,30,85,54,1797
87,31,83,56,1853
87,32,87,55,1908
87,33,86,56,1964
87,34,88,55,2019
87,35,82,56,2075
87,36,82,57,2132
87,37,85,61,2193
87,38,90,63,2256
87,39,87,61,2317
87,40,84,64,2381
87,41,90,55,2436
87,42,78,49,2485
87,43,87,63,2548
87,44,88,57,2605
87,45,90,70,2675
87,46,86,67,2742
87,47,81,59,2801
87,48,87,55,2856
87,49,94,57,2913
87,50,87,63,2976
88,1,74,74,74
88,2,68,59,133
88,3,74,64,197
88,4,76,62,259
88,5,80,67,326
88,6,76,55,381
88,7,82,62,443
88,8,80,59,502
88,9,79,58,560
88,10,76,59,619
88,11,84,64,683
88,12,79,59,742
88,13,83,67,809
88,14,84,62,871
88,15,81,58,929
88,16,84,61,990
88,17,82,64,1054
88,18,82,55,1109
88,19,78,52,1161
88,20,84,57,1218
88,21,85,62,1280
88,22,82,65,1345
88,23,82,61,1406
88,24,87,57,1463
88,25,74,55,1518
88,26,80,60,1578
88,27,82,57,1635
88,28,87,60,1695
88,29,82,61,1756
88,30,83,55,1811
88,31,83,57,1868
88,32,82,59,1927
88,33,91,62,1989
88,34,87,63,2052
88,35,81,61,2113
88,36,91,65,2178
88,37,87,63,2241
88,38,84,60,2301
88,39,85,61,2362
88,40,85,64,2426
88,41,86,62,2488
88,42,79,52,2540
88,43,84,57,2597
88,44,81,57,2654
88,45,80,54,2708
88,46,93,65,2773
88,47,89,60,2833
88,48,85,63,2896
88,49,85,64,2960
88,50,89,65,3025
89,1,72,72,72
89,2,73,66,138
89,3,73,63,201
89,4,81,61,262
89,5,74,61,323
89,6,80,59,382
89,7,82,63,445
89,8,80,62,507
89,9,75,57,564
89,10,93,80,644
89,11,84,65,709
89,12,86,61,770
89,13,87,67,837
89,14,82,65,902
89,15,80,59,961
89,16,90,70,1031
89,17,80,59,1090
89,18,84,64,1154
89,19,78,49,1203
89,20,89,69,1272
89,21,84,61,1333
89,22,87,71,1404
89,23,87,63,1467
89,24,92,70,1537
89,25,83,57,1594
89,26,82,62,1656
89,27,87,67,1723
89,28,81,59,1782
89,29,82,59,1841
89,30,85,62,1903
89,31,82,59,1962
89,32,84,57,2019
89,33,82,64,2083
89,34,79,61,2144
89,35,87,67,2211
89,36,88,64,2275
89,37,82,59,2334
89,38,89,67,2401
89,39,88,62,2463
89,40,89,54,2517
89,41,88,64,2581
89,42,89,60,2641
89,43,79,60,2701
89,44,94,67,2768
89,45,89,65,2833
89,46,89,57,2890
89,47,91,69,2959
89,48,90,55,3014
89,49,85,59,3073
89,50,87,57,3130
90,1,43,43,43
90,2,53,49,92
90,3,60,47,139
90,4,67,57,196
90,5,67,53,249
90,6,62,45,294
90,7,70,51,345
90,8,69,51,396
90,9,69,50,446
90,10,73,46,492
90,11,73,54,546
90,12,67,45,591
90,13,78,56,647
90,14,82,60,707
90,15,80,65,772
90,16,76,51,823
90,17,79,59,882
90,18,81,58,940
90,19,79,56,996
90,20,85,57,1053
90,21,74,56,1109
90,22,84,63,1172
90,23,86,59,1231
90,24,85,57,1288
90,25,87,59,1347
90,26,82,51,1398
90,27,80,59,1457
90,28,82,58,1515
90,29,85,59,1574
90,30,87,64,1638
90,31,84,59,1697
90,32,81,55,1752
90,33,81,52,1804
90,34,90,56,1860
90,35,87,64,1924
90,36,84,53,1977
90,37,90,68,2045
90,38,82,56,2101
90,39,86,57,2158
90,40,82,60,2218
90,41,83,60,2278
90,42,88,59,2337
90,43,90,65,2402
90,44,88,63,2465
90,45,92,66,2531
90,46,88,56,2587
90,47,86,58,2645
90,48,81,55,2700
90,49,86,59,2759
90,50,87,57,2816
91,1,54,54,54
91,2,62,58,112
91,3,66,56,168
91,4,73,61,229
91,5,70,59,288
91,6,76,53,341
91,7,76,56,397
91,8,75,50,447
91,9,81,58,505
91,10,82,61,566
91,11,80,54,620
91,12,79,55,675
91,13,79,59,734
91,14,83,62,796
91,15,82,59,855
91,16,78,55,910
91,17,87,57,967
91,18,77,50,1017
91,19,82,54,1071
91,20,90,63,1134
91,21,85,60,1194
91,22,83,59,1253
91,23,83,62,1315
91,24,80,60,1375
91,25,81,49,1424
91,26,84,58,1482
91,27,81,51,1533
91,28,87,69,1602
91,29,86,64,1666
91,30,88,57,1723
91,31,86,58,1781
91,32,88,61,1842
91,33,85,56,1898
91,34,81,64,1962
91,35,89,68,2030
91,36,87,59,2089
91,37,91,68,2157
91,38,87,65,2222
91,39,86,51,2273
91,40,82,59,2332
91,41,89,57,2389
91,42,79,53,2442
91,43,88,63,2505
91,44,84,53,2558
91,45,87,58,2616
91,46,90,58,2674
91,47,89,66,2740
91,48,88,60,2800
91,49,93,71,2871
91,50,92,71,2942
92,1,51,51,51
92,2,59,53,104
92,3,64,53,157
92,4,69,57,214
92,5,76,57,271
92,6,76,57,328
92,7,75,59,387
92,8,80,58,445
92,9,79,59,504
92,10,85,65,569
92,11,79,60,629
92,12,86,62,691
92,13,78,54,745
92,14,84,58,803
92,15,86,64,867
92,16,80,60,927
92,17,76,53,980
92,18,81,57,1037
92,19,88,68,1105
92,20,82,55,1160
92,21,86,60,1220
92,22,86,59,1279
92,23,82,60,1339
92,24,93,69,1408
92,25,82,56,1464
92,26,77,51,1515
92,27,90,58,1573
92,28,87,64,1637
92,29,83,57,1694
92,30,84,62,1756
92,31,86,60,1816
92,32,89,62,1878
92,33,84,56,1934
92,34,85,64,1998
92,35,88,54,2052
92,36,88,58,2110
92,37,92,63,2173
92,38,88,60,2233
92,39,94,63,2296
92,40,83,53,2349
92,41,82,51,2400
92,42,88,63,2463
92,43,79,51,2514
92,44,86,53,2567
92,45,92,61,2628
92,46,86,61,2689
92,47,86,56,2745
92,48,85,53,2798
92,49,87,64,2862
92,50,83,64,2926
93,1,50,50,50
93,2,62,60,110
93,3,72,60,170
93,4,75,61,231
93,5,70,54,285
93,6,72,53,338
93,7,77,58,396
93,8,83,66,462
93,9,86,68,530
93,10,78,59,589
93,11,79,58,647
93,12,81,62,709
93,13,81,65,774
93,14,86,67,841
93,15,79,53,894
93,16,83,59,953
93,17,76,56,1009
93,18,86,55,1064
93,19,81,63,1127
93,20,87,58,1185
93,21,86,65,1250
93,22,88,61,1311
93,23,89,62,1373
93,24,85,60,1433
93,25,93,75,1508
93,26,88,64,1572
93,27,85,64,1636
93,28,88,61,1697
93,29,89,67,1764
93,30,86,59,1823
93,31,87,60,1883
93,32,91,66,1949
93,33,84,51,2000
93,34,86,66,2066
93,35,86,68,2134
93,36,84,57,2191
93,37,88,61,2252
93,38,84,55,2307
93,39,88,62,2369
93,40,90,69,2438
93,41,88,61,2499
93,42,90,57,2556
93,43,84,55,2611
93,44,85,64,2675
93,45,90,62,2737
93,46,79,60,2797
93,47,90,61,2858
93,48,91,69,2927
93,49,90,73,3000
93,50,85,63,3063
94,1,62,62,62
94,2,67,64,126
94,3,70,56,182
94,4,75,59,241
94,5,74,59,300
94,6,74,62,362
94,7,68,53,415
94,8,77,60,475
94,9,79,62,537
94,10,81,58,595
94,11,84,66,661
94,12,81,64,725
94,13,87,58,783
94,14,86,68,851
94,15,83,66,917
94,16,85,65,982
94,17,87,68,1050
94,18,83,61,1111
94,19,82,56,1167
94,20,90,60,1227
94,21,84,62,1289
94,22,86,64,1353
94,23,84,60,1413
94,24,88,65,1478
94,25,86,57,1535
94,26,85,65,1600
94,27,83,62,1662
94,28,84,56,1718
94,29,85,61,1779
94,30,89,64,1843
94,31,90,69,1912
94,32,79,56,1968
94,33,83,51,2019
94,34,85,62,2081
94,35,90,63,2144
94,36,90,62,2206
94,37,83,55,2261
94,38,87,58,2319
94,39,90,71,2390
94,40,83,62,2452
94,41,91,67,2519
94,42,79,50,2569
94,43,93,68,2637
94,44,87,51,2688
94,45,80,57,2745
94,46,90,65,2810
94,47,86,59,2869
94,48,85,53,2922
94,49,89,51,2973
94,50,84,59,3032
95,1,70,70,70
95,2,78,71,141
95,3,70,61,202
95,4,79,63,265
95,5,77,64,329
95,6,86,67,396
95,7,82,61,457
95,8,77,56,513
95,9,72,51,564
95,10,88,69,633
95,11,78,64,697
95,12,83,59,756
95,13,87,64,820
95,14,76,50,870
95,15,89,64,934
95,16,83,62,996
95,17,79,57,1053
95,18,87,60,1113
95,19,84,61,1174
95,20,83,55,1229
95,21,83,57,1286
95,22,81,52,1338
95,23,82,56,1394
95,24,81,60,1454
95,25,86,60,1514
95,26,83,61,1575
95,27,89,65,1640
95,28,86,58,1698
95,29,82,54,1752
95,30,85,59,1811
95,31,83,65,1876
95,32,85,67,1943
95,33,85,61,2004
95,34,83,61,2065
95,35,89,67,2132
95,36,80,53,2185
95,37,81,49,2234
95,38,87,62,2296
95,39,84,55,2351
95,40,88,64,2415
95,41,85,58,2473
95,42,87,68,2541
95,43,88,60,2601
95,44,81,61,2662
95,45,85,66,2728
95,46,95,68,2796
95,47,87,50,2846
95,48,80,52,2898
95,49,83,64,2962
95,50,85,54,3016
96,1,67,67,67
96,2,72,64,131
96,3,83,72,203
96,4,80,68,271
96,5,76,60,331
96,6,81,63,394
96,7,77,56,450
96,8,81,62,512
96,9,70,50,562
96,10,82,59,621
96,11,85,61,682
96,12,77,60,742
96,13,73,50,792
96,14,83,58,850
96,15,87,60,910
96,16,85,58,968
96,17,86,63,1031
96,18,88,59,1090
96,19,85,63,1153
96,20,82,60,1213
96,21,84,61,1274
96,22,80,61,1335
96,23,87,57,1392
96,24,84,58,1450
96,25,85,63,1513
96,26,86,58,1571
96,27,84,56,1627
96,28,82,53,1680
96,29,84,61,1741
96,30,83,59,1800
96,31,90,70,1870
96,32,78,60,1930
96,33,90,63,1993
96,34,87,55,2048
96,35,81,59,2107
96,36,83,58,2165
96,37,88,62,2227
96,38,83,61,2288
96,39,86,61,2349
96,40,92,69,2418
96,41,89,64,2482
96,42,81,52,2534
96,43,78,50,2584
96,44,84,55,2639
96,45,83,59,2698
96,46,88,60,2758
96,47,90,57,2815
96,48,83,51,2866
96,49,83,50,2916
96,50,82,60,2976
97,1,70,70,70
97,2,75,67,137
97,3,71,62,199
97,4,79,70,269
97,5,82,66,335
97,6,75,62,397
97,7,86,73,470
97,8,84,66,536
97,9,79,61,597
97,10,84,71,668
97,11,92,73,741
97,12,85,68,809
97,13,85,60,869
97,14,85,64,933
97,15,82,65,998
97,16,84,63,1061
97,17,86,70,1131
97,18,80,56,1187
97,19,81,55,1242
97,20,83,58,1300
97,21,84,57,1357
97,22,88,60,1417
97,23,86,64,1481
97,24,83,62,1543
97,25,83,60,1603
97,26,80,61,1664
97,27,84,63,1727
97,28,76,51,1778
97,29,89,65,1843
97,30,81,54,1897
97,31,87,60,1957
97,32,92,71,2028
97,33,83,65,2093
97,34,82,55,2148
97,35,87,63,2211
97,36,92,62,2273
97,37,77,52,2325
97,38,80,53,2378
97,39,88,59,2437
97,40,82,55,2492
97,41,83,56,2548
97,42,83,60,2608
97,43,79,55,2663
97,44,85,59,2722
97,45,81,56,2778
97,46,86,51,2829
97,47,84,60,2889
97,48,84,58,2947
97,49,89,63,3010
97,50,89,67,3077
98,1,47,47,47
98,2,66,60,107
98,3,61,50,157
98,4,70,58,215
98,5,65,48,263
98,6,70,52,315
98,7,71,57,372
98,8,64,46,418
98,9,77,52,470
98,10,70,47,517
98,11,80,62,579
98,12,84,61,640
98,13,75,58,698
98,14,92,72,770
98,15,80,52,822
98,16,78,48,870
98,17,81,58,928
98,18,77,56,984
98,19,83,64,1048
98,20,82,62,1110
98,21,77,54,1164
98,22,87,66,1230
98,23,80,57,1287
98,24,81,59,1346
98,25,81,51,1397
98,26,82,52,1449
98,27,82,58,1507
98,28,81,61,1568
98,29,85,64,1632
98,30,83,58,1690
98,31,87,62,1752
98,32,86,59,1811
98,33,84,60,1871
98,34,84,63,1934
98,35,85,62,1996
98,36,75,55,2051
98,37,78,50,2101
98,38,88,59,2160
98,39,88,64,2224
98,40,82,60,2284
98,41,88,59,2343
98,42,89,66,2409
98,43,87,60,2469
98,44,83,53,2522
98,45,87,64,2586
98,46,89,64,2650
98,47,87,56,2706
98,48,82,55,2761
98,49,82,50,2811
98,50,80,52,2863
99,1,49,49,49
99,2,57,52,101
99,3,59,50,151
99,4,66,54,205
99,5,68,49,254
99,6,72,53,307
99,7,73,53,360
99,8,82,58,418
99,9,81,51,469
99,10,74,50,519
99,11,73,51,570
99,12,80,59,629
99,13,83,55,684
99,14,81,57,741
99,15,82,54,795
99,16,79,50,845
99,17,74,51,896
99,18,81,49,945
99,19,82,61,1006
99,20,82,52,1058
99,21,86,57,1115
99,22,76,56,1171
99,23,79,53,1224
99,24,82,56,1280
99,25,79,60,1340
99,26,87,60,1400
99,27,81,51,1451
99,28,82,51,1502
99,29,80,54,1556
99,30,86,58,1614
99,31,84,62,1676
99,32,78,52,1728
99,33,86,53,1781
99,34,85,50,1831
99,35,83,56,1887
99,36,80,52,1939
99,37,92,61,2000
99,38,79,52,2052
99,39,89,59,2111
99,40,78,48,2159
99,41,77,47,2206
99,42,82,54,2260
99,43,82,54,2314
99,44,84,55,2369
99,45,82,54,2423
99,46,82,56,2479
99,47,78,50,2529
99,48,91,59,2588
99,49,83,46,2634
99,50,83,49,2683
100,1,52,52,52
100,2,55,45,97
100,3,63,54,151
100,4,59,51,202
100,5,64,52,254
100,6,67,51,305
100,7,76,58,363
100,8,74,55,418
100,9,69,54,472
100,10,81,55,527
100,11,74,60,587
100,12,73,51,638
100,13,81,55,693
100,14,78,51,744
100,15,79,54,798
100,16,77,53,851
100,17,77,55,906
100,18,73,52,958
100,19,80,56,1014
100,20,80,57,1071
100,21,80,59,1130
100,22,81,53,1183
100,23,81,55,1238
100,24,83,65,1303
100,25,81,49,1352
100,26,82,58,1410
100,27,79,50,1460
100,28,90,64,1524
100,29,88,63,1587
100,30,79,55,1642
100,31,86,60,1702
100,32,86,57,1759
100,33,82,53,1812
100,34,81,51,1863
100,35,86,58,1921
100,36,88,56,1977
100,37,83,60,2037
100,38,87,60,2097
100,39,90,60,2157
100,40,90,55,2212
100,41,93,64,2276
100,42,89,64,2340
100,43,82,53,2393
100,44,84,53,2446
100,45,91,47,2493
100,46,89,59,2552
100,47,87,51,2603
100,48,86,61,2664
100,49,87,58,2722
100,50,85,56,2778
