t,num_sampled,num_new_elements,total_sample_size
1,226,225,226
2,388,281,507
3,385,159,666
4,390,165,831
5,352,80,911
6,347,80,991
7,349,22,1013
8,383,18,1031
9,350,9,1040
10,382,7,1047
11,346,1,1048
12,299,5,1053
13,354,5,1058
14,378,1,1059
15,372,0,1059
16,400,0,1059
17,326,0,1059
18,394,0,1059
19,368,0,1059
20,326,0,1059
21,385,0,1059
22,416,0,1059
23,379,0,1059
24,414,0,1059
