t,i,num_sampled,num_new_elements,total_sample_size
1,1,10,10,10
1,2,16,9,19
1,3,22,11,30
1,4,33,16,46
1,5,32,11,57
2,1,8,8,8
2,2,19,12,20
2,3,25,12,32
2,4,38,17,49
2,5,34,8,57
3,1,16,16,16
3,2,22,11,27
3,3,27,13,40
3,4,40,14,54
3,5,40,13,67
4,1,17,17,17
4,2,28,17,34
4,3,32,16,50
4,4,39,13,63
4,5,45,19,82
5,1,11,11,11
5,2,25,16,27
5,3,34,19,46
5,4,33,7,53
5,5,41,10,63
